       2.3866070        2.0717654       -1.1030019        4.8495504 
       1.7255393        1.2792327       -1.5968562        4.0183475 
       1.3209772       0.78660199       -1.9867613        3.4130543 
       1.1515979       0.55062920       -2.0911438        3.0204500 
       2.1281474       0.95675966       -1.6047876        3.2472520 
       2.0514666       0.79094692       -1.6159027        3.1007031 
      0.85099503       0.36996300       -2.0513123        2.5551529 
       1.3745282       0.54155923       -1.8107553        2.5464710 
       1.6819183       0.66050276       -1.5788370        2.6745826 
      0.83124693       0.55408444       -1.5335163        2.5938343 
       1.8409560       0.82215228       -1.2782888        2.7836120 
       1.6094162       0.65908149       -1.3610406        2.6647850 
       1.5015688       0.43331975       -1.5872217        2.4164910 
       1.6361955       0.35267176       -1.7542099        2.1912878 
       1.0168303      -0.22736620       -2.1603310        1.7054865 
      0.34806679      -0.67178393       -2.7284187        1.1338674 
      0.92588017      -0.53909110       -2.3846204        1.3875244 
      0.47423210      -0.76163819       -2.7144480       0.99162738 
     -0.27441879       -1.1645217       -3.0350587       0.60100254 
     -0.25776925       -1.2752192       -3.0512042       0.51506275 
     -0.62675275       -1.7284337       -3.5320576     -0.097628695 
      -2.0993747       -2.7170505       -4.4902362       -1.0416937 
      -2.9549832       -3.2330354       -4.9794908       -1.5570658 
      -2.7630911       -3.2325467       -4.8637426       -1.5149913 
      -3.1289603       -3.4029143       -5.1321251       -1.8605225 
      -3.6791190       -3.5311531       -5.2936243       -2.0243129 
      -3.2071839       -3.4258531       -5.0527543       -1.8173488 
      -3.7784218       -3.5226382       -5.1596324       -1.9589625 
      -3.2064930       -3.1905218       -4.7655171       -1.6331255 
      -2.5280646       -2.8129465       -4.3505767       -1.2776832 
      -2.6533319       -2.8878800       -4.4938038       -1.3927602 
      -2.8227597       -3.0014482       -4.6089720       -1.4585482 
      -2.1260392       -2.7915764       -4.3932021       -1.3309503 
      -2.2538067       -2.6857905       -4.2858731       -1.2386257 
      -1.9932944       -2.5021111       -4.1522744       -1.0425283 
      -1.8714968       -2.3937735       -3.9699874      -0.85272640 
      -2.2242643       -2.6207476       -4.1805100       -1.0537826 
      -2.1390194       -2.7345597       -4.3288899       -1.2480832 
      -2.6354746       -2.9959824       -4.5191786       -1.4526330 
      -2.1931657       -2.9316251       -4.4536049       -1.4120017 
      -2.2980858       -2.9813246       -4.5270986       -1.4832568 
      -2.0152682       -2.7136500       -4.2560241       -1.2118699 
      -2.1018614       -2.5295674       -4.1021806       -1.0588979 
      -1.8588483       -2.2016990       -3.7623792      -0.68332758 
      -2.3673767       -2.2846205       -3.9468672      -0.81205383 
      -2.4928825       -2.3049921       -3.9286973      -0.78239733 
      -2.5593784       -2.2678083       -3.8217292      -0.71440640 
      -2.8852511       -2.0653625       -3.6748803      -0.52139632 
      -2.0331227       -1.5115260       -3.0968274      0.069371503 
      -1.7406196       -1.1432112       -2.6745245       0.49456911 
      -1.3034566      -0.58871698       -2.1590255       0.96454681 
     -0.25119655      0.095111476       -1.4843357        1.6145061 
    -0.030378142       0.51926603       -1.0655066        2.0218631 
      0.74577639        1.1815719      -0.28035635        2.8082371 
       1.1634131        1.7306797       0.28168649        3.2848491 
       1.8005350        2.2051517       0.73730088        3.6866121 
       2.2905147        2.6319516        1.1939642        4.1119771 
       2.8005952        3.0532870        1.5815896        4.5217873 
       2.2148057        2.6878538        1.3042901        4.1780847 
       2.5458946        2.9107085        1.4815236        4.3911115 
       3.0767833        3.0356212        1.5858266        4.5639785 
       2.9519295        2.8538017        1.3345452        4.3552948 
       2.3854421        2.4594649       0.99808925        4.0107819 
       2.6623271        2.6071584        1.0733892        4.0696716 
       2.1672363        2.4671135        1.0021811        3.9370891 
       3.0080831        2.8660231        1.4045769        4.3457398 
       2.7356711        3.0058707        1.5320982        4.4496568 
       2.5230818        2.9248537        1.4796823        4.4218233 
       2.1918204        2.7185082        1.3843015        4.3160686 
       2.3866488        2.7630422        1.3780291        4.3000515 
       1.7503308        2.3275782       0.80385538        3.6999495 
       1.4757662        2.2438931       0.77514229        3.7264817 
       2.7245467        2.9064062        1.4857303        4.4220477 
       2.6453250        3.0228881        1.5000479        4.4330212 
       2.9525845        3.0399835        1.5645771        4.5324386 
       2.6468349        2.9776040        1.5283033        4.4812465 
       3.0353307        3.0400458        1.5145009        4.4595281 
       3.2487605        2.9887265        1.4899301        4.4115848 
       3.2765631        2.8554567        1.4081135        4.3262090 
       3.1708692        2.5695760        1.1482283        4.0249906 
       2.9077930        2.2948900       0.83610285        3.6908434 
       2.6208989        2.1309894       0.73357433        3.5322196 
       2.7037942        2.0976087       0.73559800        3.4553953 
       2.3886548        1.8390346       0.49038658        3.1772750 
       2.3057706        1.6743948       0.37138133        3.0354993 
       2.1034948        1.4222484      0.093818464        2.6865124 
       1.9807754        1.2843311      0.040407021        2.5806814 
       1.8785408        1.2768943     -0.065713605        2.5040095 
       1.5589211        1.0852376      -0.15229496        2.3895287 
       1.0766023       0.71641566      -0.55881283        1.9965378 
      0.39520176       0.26695778       -1.1212279        1.4137251 
     -0.33017134      -0.40032103       -1.6457626       0.89092897 
      -1.9079942       -1.4949789       -2.7277166      -0.23067617 
      -3.2770893       -2.4732294       -3.7085426       -1.1203729 
      -3.5359069       -3.1663432       -4.4499595       -1.8313250 
      -4.8597084       -3.9171748       -5.2355889       -2.4880632 
      -4.3385143       -3.6835174       -4.9056205       -2.2465107 
      -4.1003411       -3.5062768       -4.7879249       -2.1338900 
      -4.6036934       -3.7506616       -5.0179676       -2.2956744 
      -4.4169335       -3.7291330       -5.0053915       -2.2999217 
      -4.6068952       -3.8724812       -5.3067513       -2.5787083 
      -3.8347425       -3.7568137       -5.1069010       -2.4004939 
       1.6275385        1.9904231      -0.66423096        4.5122468 
       2.3446930        1.9065511      -0.59478733        4.4767933 
       2.7431811        1.8303785      -0.61809403        4.3277293 
       2.6773822        1.7514363      -0.68524694        4.1090003 
       2.7755349        1.7440787      -0.55592366        4.1159640 
       2.9703308        1.6783074      -0.56426675        3.9602851 
       2.2669278        1.5275678      -0.68387740        3.6784885 
       1.9180629        1.4349251      -0.83423021        3.3923345 
       1.7643769        1.3446787      -0.81594038        3.2884397 
       1.6184314        1.2045115      -0.83185019        3.1504262 
       2.2104527        1.1195645      -0.88555726        2.9966739 
       2.0622011       0.96889136       -1.0976281        2.7036156 
       1.7125176       0.80473186       -1.1173959        2.5725013 
       1.1362284       0.66343272       -1.1248720        2.4786555 
   -0.0070907899       0.43959884       -1.3256679        2.1905574 
      -1.1978182       0.23233192       -1.5855195        1.8356259 
      -1.4880053       0.11742391       -1.6685355        1.6812203 
      -1.2221103     -0.067563871       -1.7587066        1.4907623 
     -0.95797626      -0.31544996       -1.9854759        1.1914916 
     -0.31754794      -0.54645021       -2.1793676       0.91642914 
    -0.020281116      -0.83641815       -2.3525019       0.65449136 
     -0.33676571       -1.2524955       -2.7888930       0.11451610 
     -0.93090142       -1.6243538       -3.1038886      -0.28166702 
     -0.13667149       -1.9079325       -3.3465802      -0.58829115 
     -0.28920359       -2.1810638       -3.5845936      -0.88700613 
    -0.088778564       -2.4297018       -3.7392617       -1.0510519 
      0.83189090       -2.6238479       -3.8616266       -1.2163574 
      0.63358029       -2.7691963       -4.0809267       -1.4668532 
       1.2280924       -2.8217524       -4.1408163       -1.5523386 
      0.74015149       -2.8194568       -4.0598614       -1.5327633 
    -0.099132220       -2.8552621       -4.1328561       -1.6160198 
     -0.73427551       -2.9012900       -4.1384318       -1.6279695 
      -1.1203359       -2.8880004       -4.1771872       -1.6777287 
      -1.7537549       -2.8834686       -4.1906733       -1.7062212 
      -1.4228726       -2.8877333       -4.1270643       -1.6646982 
      -2.4580093       -2.9020198       -4.0647962       -1.6292711 
      -3.6110808       -2.9849886       -4.2121150       -1.7667605 
      -3.9033217       -3.0654134       -4.3439569       -1.9359126 
      -4.1024417       -3.1492955       -4.3155930       -1.9227211 
      -4.3314572       -3.1552022       -4.3778380       -2.0177262 
      -4.7434857       -3.1594821       -4.3410365       -1.9831538 
      -4.7393554       -3.0709295       -4.1837142       -1.8224996 
      -4.6633641       -2.9928955       -4.1917768       -1.8410374 
      -4.5522356       -2.8854101       -4.0098528       -1.6794267 
      -4.5315307       -2.8354113       -3.9748712       -1.6449230 
      -5.1907522       -2.7846766       -3.9669345       -1.6340999 
      -5.5057272       -2.7443688       -3.9330631       -1.5921920 
      -5.4138603       -2.6366267       -3.8696357       -1.5214028 
      -5.1547620       -2.4356858       -3.5569865       -1.2350667 
      -4.0770705       -2.2225064       -3.2731885      -0.98319064 
      -2.8321406       -1.9254580       -3.0012691      -0.74521924 
      -2.0998659       -1.5499377       -2.5585661      -0.34468699 
      -1.2602058       -1.1820116       -2.1905284     0.0029561464 
      -1.6964033      -0.78469651       -1.8941384       0.26788310 
     -0.81865011      -0.37866919       -1.4333016       0.72177748 
      -1.3110427    0.00053508981       -1.0395788        1.0838235 
      -1.3007265       0.35141017      -0.65280614        1.4554704 
    0.0085475621       0.69847787      -0.36110787        1.7648899 
       2.4489605       0.88016924      -0.21214156        1.9433888 
       1.9078618        1.1264541      0.045230566        2.2705180 
       2.9670585        1.3524487       0.25647585        2.5464466 
       2.6372839        1.5437572       0.41723040        2.7555432 
       3.8000061        1.6496675       0.57035140        2.9097717 
       3.0692066        1.8018450       0.58276677        2.9425707 
       2.7009296        1.9000290       0.72410986        3.0444234 
       2.9164678        2.0284311       0.85089456        3.1782956 
       3.1934700        2.1510323       0.91676409        3.2268123 
       3.3588382        2.2063986        1.0158398        3.3137526 
       2.9667236        2.2172663        1.0131507        3.2986706 
       2.5340407        2.2566217        1.1331860        3.4206418 
       2.9618087        2.2222599        1.0197781        3.2954325 
       3.9999431        2.2607618        1.1088940        3.3673274 
       4.3207680        2.4211057        1.2895978        3.5714015 
       4.2417021        2.5340137        1.4432877        3.7388083 
       2.5459302        2.6090556        1.3712345        3.6895687 
       2.6687457        2.6713930        1.5685526        3.8800067 
       3.1025617        2.7592503        1.6642059        3.9999959 
       2.7694033        2.8273581        1.7116422        4.0360411 
       2.1584633        2.8685789        1.7015574        4.0435643 
       1.7839005        2.8829775        1.6669348        4.0197599 
       1.7564957        2.8449514        1.6806044        4.0288492 
       1.1060890        2.7925115        1.6174575        3.9576905 
       1.2279996        2.7430044        1.5675068        3.8927597 
      0.43042668        2.6138843        1.5134253        3.8015912 
     -0.34377012        2.4872194        1.3849274        3.6407953 
       1.1004050        2.3219564        1.2655029        3.4488000 
      0.55698074        2.1511660        1.0681563        3.2070579 
     -0.34202968        2.0125597        1.0017562        3.1052429 
     -0.50695620        1.8559388       0.83095024        2.8613461 
      0.42909662        1.6561380       0.60928131        2.5902644 
      0.76196170        1.3852804       0.36504697        2.3135105 
     -0.57936859        1.0259850      0.030908170        1.9681389 
      -1.1954510       0.55354145      -0.42898667        1.5015930 
      -1.0363073     -0.031476306       -1.0232452       0.91341047 
      -2.6705236      -0.62300620       -1.6815763       0.35315480 
     -0.91671144       -1.1942980       -2.3127463      -0.15567526 
     -0.70657790       -1.5556346       -2.6785854      -0.45774672 
     -0.59727049       -1.8851775       -3.0369146      -0.78292356 
      -1.5237470       -2.2513915       -3.3923600       -1.0650115 
      -1.7188994       -2.5508803       -3.6792680       -1.3446259 
      -2.0214305       -2.8658838       -3.9780072       -1.6234723 
      -1.9760273       -3.0873020       -4.1961865       -1.8299876 
      -1.6565175       -5.7251508       -6.8008926       -4.6590759 
      -1.2768097       0.11465984      -0.86111783        1.0102419 
      -2.1933235      -0.87058544       -1.7021082      0.012986705 
      -2.0013057       -1.1927403       -1.9860028      -0.35056304 
      -1.5518229       -1.0215410       -1.8371994      -0.27021393 
      -1.4007681      -0.86350920       -1.6430076     -0.054220403 
     -0.59724354      -0.96514946       -1.7803242      -0.20244221 
     -0.40878346      -0.69762551       -1.4836467      0.074093969 
     -0.62364143      -0.42334469       -1.2545066       0.33302621 
      0.55230902       0.19861425      -0.61600309       0.99307595 
      0.36699354     0.0095646971      -0.78984777       0.81789619 
      0.92955745       0.71894323     -0.058677719        1.4840231 
      0.40698178       0.57018140      -0.25035844        1.3206232 
      0.51198294       0.76597896      0.034485457        1.5826086 
       1.3024215        1.0584935       0.22237203        1.8013559 
      0.27544431       0.33648166      -0.42183221        1.1100464 
      0.51050981       0.51090008      -0.22508671        1.2949498 
     -0.27707853       0.15553946      -0.56110689       0.96400526 
      0.58665697       0.49907178      -0.29394568        1.2535109 
      0.33488307       0.20580065      -0.55333981       0.96810795 
     -0.55441185      -0.24159924       -1.0396424       0.55050955 
     -0.74278743       -1.0660466       -1.8737809      -0.29283252 
      -2.5698240       -2.3220253       -3.1549435       -1.4787285 
      -1.6520027       -2.1953199       -3.1198126       -1.3359830 
      -1.6588301       -2.2860085       -3.2121971       -1.3286539 
      -1.5649040       -2.3587408       -3.4024876       -1.4181556 
      -1.7287558       -2.5380931       -3.4918895       -1.5551113 
      -2.1640664       -2.3829988       -3.2428244       -1.4338094 
      -1.9428966       -2.2374313       -3.0658431       -1.3134943 
      -1.7510826       -1.5488651       -2.3945128      -0.67771332 
      -1.3283545       -1.3311099       -2.1444445      -0.47124062 
     -0.83974460       -1.0055699       -1.8947988     -0.065982800 
      0.47285517      -0.51031656       -1.4452971       0.48129065 
      0.46079748       0.23905950      -0.69953437        1.2442507 
       1.2237054       0.80359723      -0.11197595        1.7964563 
       1.9190488        1.5944643       0.69090223        2.5578914 
       1.6308809        1.5710075       0.63966885        2.5007209 
       2.7899573        2.0692643        1.1293673        2.9636614 
       2.1294441        1.8997573       0.95359393        2.7874041 
       1.4137476        1.1943025       0.26558995        2.0184024 
       1.1573706       0.94996370       0.14602806        1.8536155 
      0.70422749       0.76152343     -0.083316050        1.6051293 
       1.0641011        1.0732859       0.21498949        1.9690875 
       2.2432801        1.8794026       0.98886849        2.7863863 
       2.6119554        2.2497924        1.3872884        3.2079116 
       2.4221044        2.0648034        1.0405932        2.9828686 
       3.1364964        2.2588184        1.2372612        3.2586762 
       2.5756498        2.1807638        1.1184809        3.1964523 
       3.1901477        2.5290559        1.4376013        3.5110608 
       3.5883233        2.4866607        1.5071997        3.5342463 
       2.6592930        2.3340106        1.3948414        3.2885018 
       2.5832149        2.3795849        1.5202972        3.2184303 
       2.2988417        2.2826041        1.5063491        3.1426961 
       3.4911387        2.8487759        2.0749566        3.6612324 
       2.2111401        2.7067349        1.9581323        3.5477907 
       2.8419713        3.0015713        2.2199121        3.7749324 
       3.3672606        3.3730660        2.5940655        4.1898543 
       3.0899832        3.4599646        2.5802285        4.2006512 
       3.3435860        3.2793955        2.4581298        4.1090199 
       2.9179046        3.3106221        2.4456955        4.1805674 
       2.4421737        2.8078476        1.8952362        3.7030339 
       1.2143197        1.9497894        1.0415050        2.8315582 
       1.1159408        1.0685530       0.22721337        1.8901459 
      0.59833921       0.60017893      -0.21225212        1.3864210 
     -0.61410421      -0.29219146       -1.0816047       0.54363969 
     -0.91639050      -0.91697609       -1.7193882      -0.15229005 
     -0.94277049      -0.80988537       -1.5528653    -0.0079192589 
     -0.49422106      -0.67867172       -1.4678667      0.077515343 
     -0.85857358       -1.1489605       -1.8954144      -0.35983091 
      -1.1641672       -1.2262033       -1.9858949      -0.43885068 
      -1.0848697       -1.5786958       -2.3428330      -0.77675191 
      -1.7827295       -2.1475232       -2.9259851       -1.3528601 
      -1.3049059       -1.3063200       -2.0960783      -0.53889879 
     -0.85950322      -0.75834335       -1.5400144      0.024866549 
     0.021929704      -0.57855826       -1.3419980       0.22093450 
     -0.80672078      -0.29104303       -1.0638791       0.49866044 
     -0.30124054     -0.028165243      -0.84403274       0.82721292 
     -0.28080354       0.15209572      -0.72588046        1.0402326 
     -0.62923237       0.25935326      -0.61276467        1.2683294 
     -0.19666090       0.42529713      -0.50347221        1.3602489 
      0.55739087       0.90872755      0.064205913        1.8913506 
      0.50383912        1.1695364       0.29993652        2.0290245 
       1.4190667        1.8006428       0.91879640        2.6154881 
       1.7330671        2.0221490        1.2092707        2.8213820 
       1.3542646        1.7178348       0.92019636        2.5080893 
       2.6786923        1.8650004        1.0188717        2.6879246 
       2.2257419        1.7165165       0.81516384        2.5297626 
       2.2934111        1.8631638       0.97247403        2.7382306 
       2.1611833        1.4985046       0.53386143        2.4080818 
       1.6087509       0.90166524     -0.097329678        1.8463984 
       1.5283159       0.62822534      -0.33448291        1.5785988 
      0.49435731     -0.010468934      -0.88556352       0.83786360 
      -1.4040550       -1.4579936       -2.2136833      -0.67275537 
      -4.1566557       -3.4985722       -4.2665459       -2.6518788 
      -6.5722338       -5.8592845       -6.7091152       -4.9491795 
      -7.3401374       -7.0153442       -7.9669522       -6.1792193 
      -7.1528493       -6.9452143       -7.7969916       -6.0616927 
      -6.2380095       -5.9212312       -6.7550069       -5.1331170 
      -4.9874076       -5.0311932       -5.7716273       -4.2791021 
      -4.0023021       -3.8166734       -4.5379798       -3.1412447 
      -3.0951242       -3.4156564       -4.2395181       -2.6793990 
      -3.4292290       -3.2060722       -3.9468842       -2.4480274 
      0.25620948     -0.083549586      -0.24303588      0.074552799 
      0.62495343       0.41073000       0.32435368       0.50295671 
     -0.14788217      -0.20694591      -0.25225490      -0.16750672 
     -0.69327865      -0.63825394      -0.70333012      -0.57079123 
      -1.7121197       -1.5947439       -1.6728868       -1.5123489 
     -0.68485032      -0.55152795      -0.62579522      -0.47650606 
      -1.4608404       -1.3378605       -1.3952403       -1.2761491 
     -0.85902622      -0.76410582      -0.80733462      -0.72126172 
     -0.36742609      -0.30479680      -0.33775218      -0.27107476 
     -0.81351596      -0.78084466      -0.81014888      -0.74941284 
     -0.99453693      -0.98739133       -1.0169135      -0.95628030 
    -0.047216394     -0.058919015     -0.088501418     -0.028614238 
      0.66234513       0.63900047       0.61220670       0.66665269 
       1.2780819        1.2490813        1.2235413        1.2732745 
       2.4335194        2.4023807        2.3809244        2.4248750 
       2.2013896        2.1722763        2.1515781        2.1914403 
       1.8029090        1.7778936        1.7570426        1.7955342 
       1.3679232        1.3483055        1.3281331        1.3663881 
       1.3551563        1.3409946        1.3222759        1.3602376 
       1.5424830        1.5330406        1.5134563        1.5517741 
       1.6469358        1.6421129        1.6226284        1.6610363 
      0.96458888       0.96373582       0.94628327       0.98402886 
   -0.0095079048    -0.0073375508     -0.026424688      0.010553634 
    -0.010902232    -0.0072714600     -0.026693138     0.0098560100 
     -0.24513057      -0.24032244      -0.25753849      -0.22290932 
      -1.0577173       -1.0519255       -1.0683096       -1.0336442 
      -1.3140284       -1.3084706       -1.3261912       -1.2926226 
      -1.3587634       -1.3536461       -1.3700761       -1.3368944 
      -1.7457954       -1.7412744       -1.7570273       -1.7235682 
      -1.9181429       -1.9142387       -1.9310357       -1.8978836 
      -1.6677282       -1.6652188       -1.6815860       -1.6482184 
      -1.6252692       -1.6232019       -1.6389636       -1.6059144 
      -1.5304364       -1.5292154       -1.5452547       -1.5126248 
      -1.6418792       -1.6410355       -1.6583051       -1.6247439 
      -1.2672854       -1.2670838       -1.2836334       -1.2501210 
     -0.38331097      -0.38352635      -0.39911888      -0.36538009 
     0.054185134      0.053695776      0.037183636      0.071337761 
      0.71958889       0.71883713       0.70151390       0.73589041 
       1.1872577        1.1859896        1.1692094        1.2024681 
       1.1411044        1.1401425        1.1229214        1.1570245 
      0.87430517       0.87378017       0.85749699       0.89036226 
      0.60932818       0.60867641       0.59282740       0.62701264 
      0.25810047       0.25731889       0.24011549       0.27393286 
      0.16217350       0.16139606       0.14484742       0.17776714 
      0.14294268       0.14218746       0.12581616       0.15972481 
     0.091707321      0.091356610      0.074279872       0.10762212 
      0.15968268       0.15935413       0.14251171       0.17671786 
      0.30803196       0.30791338       0.29108046       0.32467318 
      0.27782381       0.27736868       0.26052964       0.29418736 
      0.23993963       0.23960965       0.22288534       0.25672284 
      0.24509247       0.24483383       0.22785182       0.26130008 
      0.34385064       0.34355126       0.32717629       0.36076158 
      0.33663458       0.33640646       0.31979223       0.35362189 
     -0.43634494      -0.43628554      -0.45410936      -0.42003873 
     -0.23508228      -0.23513208      -0.25231172      -0.21850022 
     -0.19929380      -0.19887514      -0.21539197      -0.18198715 
      0.36145630       0.36120654       0.34439969       0.37866220 
      0.55773368       0.55763156       0.54046862       0.57410352 
       1.2398833        1.2398550        1.2235766        1.2567836 
       2.0679069        2.0675740        2.0504240        2.0847241 
       2.2210365        2.2209101        2.2047797        2.2391387 
       2.2772169        2.2765823        2.2595239        2.2932125 
       1.3730101        1.3730213        1.3559300        1.3899377 
      0.22356001       0.22333817       0.20581264       0.23963755 
     -0.48684222      -0.48680061      -0.50331624      -0.47011436 
      -1.5540400       -1.5537508       -1.5702421       -1.5363566 
      -1.4735670       -1.4737122       -1.4904140       -1.4559121 
      -1.2999807       -1.3001707       -1.3170311       -1.2834446 
      -1.1669120       -1.1671321       -1.1839602       -1.1499740 
      -1.5671742       -1.5670681       -1.5843163       -1.5506755 
      -1.4728460       -1.4728686       -1.4895220       -1.4559774 
      -1.4450214       -1.4450409       -1.4630218       -1.4286091 
      -1.6238684       -1.6239629       -1.6406042       -1.6062695 
      -1.6486469       -1.6486485       -1.6655341       -1.6321005 
      -1.6475964       -1.6476265       -1.6644611       -1.6309141 
      -1.6579207       -1.6576231       -1.6742849       -1.6406152 
      -1.1357889       -1.1359418       -1.1530946       -1.1192424 
     -0.65632813      -0.65619423      -0.67311801      -0.63930053 
     -0.26395085      -0.26395552      -0.27946369      -0.24546273 
     0.067346183      0.067501004      0.050066710      0.084455461 
      0.57373640       0.57361678       0.55629059       0.59070190 
       1.0513564        1.0513310        1.0342058        1.0677296 
       1.4359895        1.4355171        1.4188214        1.4528657 
       1.8127671        1.8129516        1.7971524        1.8308059 
       2.0759284        2.0758032        2.0589512        2.0921845 
       2.0985850        2.0986514        2.0818621        2.1152039 
       2.1825562        2.1822317        2.1662142        2.1989480 
       2.2683549        2.2682611        2.2517741        2.2850567 
       2.0851354        2.0849213        2.0677195        2.1017313 
       1.5406392        1.5401088        1.5229985        1.5568821 
     0.091310075      0.091520366      0.073619249       0.10844285 
     -0.31736579      -0.31709428      -0.33446365      -0.30008372 
     -0.28995413      -0.29032484      -0.30877869      -0.27368350 
      -1.7108170       -1.7097635       -1.7272713       -1.6922549 
      -1.4541301       -1.4540013       -1.4702870       -1.4353733 
      -1.1829943       -1.1826418       -1.1991613       -1.1642947 
     -0.99959676      -0.99962737       -1.0179815      -0.98336939 
     -0.78537970      -0.78540753      -0.80263313      -0.76749424 
     -0.50115547      -0.50116346      -0.51954834      -0.48392124 
     -0.23724025      -0.23736328      -0.25436357      -0.21889591 
     0.016368250      0.016163152    -0.0026390665      0.035368979 
      0.24982588       0.24985438       0.23218130       0.26807999 
     -0.69273240      -0.48171639      -0.89132147     -0.013291687 
      0.18023921      -0.21777404      -0.61889852       0.19517831 
     -0.50082021      -0.26367971      -0.62268275       0.11727452 
     -0.52794834      -0.30224560      -0.66786696      0.036618364 
     -0.45987678      -0.29126082      -0.62183506      0.084860804 
     -0.14677863      -0.25888773      -0.61751161      0.090871527 
      0.79221316      -0.20029960      -0.55554130       0.15245479 
     -0.72971256     -0.090957471      -0.47278308       0.23089273 
     0.037662452      0.036394440      -0.31792744       0.38353238 
     -0.11112086       0.18685859      -0.20690692       0.51495826 
     0.034579170       0.24467448      -0.10569418       0.60550637 
      0.44855542       0.42297386      0.080097410       0.77321528 
       1.1508656       0.53828793       0.19166901       0.87023896 
     -0.35192524       0.59325804       0.21989255       0.92604953 
       1.1076230       0.67300541       0.29647992        1.0340958 
      0.51029783       0.55150176       0.20098087       0.90061584 
     -0.79091027       0.45723439       0.11373462       0.78825134 
     -0.75476756       0.32636580    -0.0073674194       0.64567158 
       1.4361139       0.39664233      0.059088181       0.73161524 
       1.2832377       0.38096428      0.054453715       0.73311684 
      0.38302506       0.32480852     -0.021686875       0.66106522 
    -0.021538344       0.23724668     -0.084615911       0.58742634 
       1.1274374      0.065807779      -0.26246264       0.39037332 
     -0.23416212    -0.0056382093      -0.32332262       0.33568250 
      0.10608979      -0.10181161      -0.45453931       0.24684174 
     -0.58778607      -0.18709949      -0.56420480       0.17438758 
     -0.78674845      -0.28248317      -0.64464420       0.10009628 
     -0.26321510      -0.31685641      -0.66815516      0.050816598 
     -0.78535697      -0.37461276      -0.74124863     -0.026454968 
     -0.28918086      -0.31628939      -0.65585990      0.030373247 
    -0.091466670      -0.29021974      -0.64274278      0.030434382 
     -0.19126188      -0.20241690      -0.56054916       0.12744315 
     -0.48057142      -0.11536737      -0.47822944       0.23398890 
    -0.062818062      0.027996215      -0.31978417       0.40563285 
    -0.083338399       0.20001080      -0.15491856       0.56952521 
     -0.22168044       0.39219866      0.041598144       0.73793769 
      0.30914979       0.52434792       0.18041498       0.88639903 
     0.054188107       0.65772396       0.30674681        1.0183718 
      0.33984034       0.62394106       0.29182029       0.97882789 
     -0.12826466       0.43007512       0.11344589       0.75491080 
     0.024777244       0.28409106     -0.035578541       0.61010290 
      0.22203199       0.11894687      -0.22609054       0.43353159 
      0.54467529      0.094655540      -0.23163955       0.41660757 
     -0.19588923       0.19050157      -0.13929798       0.51851436 
     -0.42127039       0.29694065     -0.046968283       0.62383126 
      0.54426878       0.31630398     -0.033724231       0.63969656 
      0.94882785       0.36797850      0.021996616       0.71321988 
     -0.67791936       0.31809657     -0.053046349       0.64937996 
     -0.20068346       0.28351658     -0.064724043       0.63972294 
     -0.10641707       0.21687767      -0.13431607       0.58386902 
     -0.90724596      0.089143230      -0.28325996       0.44047548 
     -0.62717487     -0.021553682      -0.37389519       0.34627063 
    -0.066883312      -0.12833239      -0.46474558       0.25819754 
     -0.41293105      -0.10746931      -0.44634994       0.25816745 
      0.14248882      -0.13044572      -0.48956716       0.20131839 
     -0.26571545     -0.021068206      -0.34673815       0.31551290 
     -0.22356703      0.098471285      -0.25430893       0.41979334 
     -0.34211650       0.19184797      -0.14799038       0.54859594 
       1.3794124       0.32712918     -0.012440363       0.72569404 
      0.18920795       0.34793869     -0.034419868       0.74903524 
      0.52502985       0.24677576      -0.14768169       0.64534763 
      0.17315159      0.042156977      -0.32822802       0.42124444 
      0.73720826      -0.14960831      -0.49106948       0.19477675 
      0.68303710      -0.31518586      -0.65065882      0.020802456 
     -0.82305884      -0.49168360      -0.82113326      -0.14764750 
     -0.91185588      -0.63654886      -0.98084051      -0.28172750 
     -0.79399149      -0.59038455      -0.89766611      -0.21592949 
     -0.45076200      -0.48027204      -0.82812668      -0.16406089 
     -0.56226812      -0.48610675      -0.82088386      -0.16652477 
    -0.028609711      -0.44121561      -0.77714760      -0.11082188 
      0.42060385      -0.42099820      -0.74738143     -0.087953972 
      -1.3193092      -0.51625098      -0.84759994      -0.15614082 
     -0.33657275      -0.44803449      -0.79593835      -0.10309583 
     -0.55270915      -0.33349877      -0.66906488      0.019891066 
      0.76771727      -0.24831263      -0.60717716      0.081096676 
      0.61014501      -0.12160012      -0.46055934       0.22357272 
     0.072538289     -0.044021665      -0.40850462       0.28600479 
      0.16074887      0.021955430      -0.30692287       0.37251707 
      0.81676481      0.049740290      -0.30300668       0.38626805 
     -0.15915116       0.15785157      -0.19724125       0.50191017 
       1.2257765       0.30988812     -0.053169394       0.66804488 
      0.51142530       0.41195287      0.065016290       0.78078625 
      0.17839689       0.54344374       0.17437465       0.91518571 
      0.74634312       0.65082006       0.28833393        1.0374827 
      0.31700414       0.64228228       0.29709763       0.99959191 
     -0.86303910       0.70138488       0.35237359        1.0522486 
       1.7622187       0.69686051       0.35216246        1.0305464 
      0.64254929       0.66715659       0.34390832        1.0204026 
     -0.33434354       0.52458070       0.15744514       0.85641060 
      -1.3505559       0.33887759     -0.036970437       0.70174829 
     -0.35202819       0.26265370      -0.11958062       0.61829939 
       1.3979407       0.16233914      -0.17642309       0.49284184 
       2.5788549     -0.054037619      -0.37057945       0.25622526 
      -2.9080089      -0.34192961      -0.65083529     -0.014981471 
     -0.61275790      -0.63184862      -0.96549142      -0.28536998 
      -1.1906062      -0.81490540       -1.1835575      -0.41140831 
     -0.63070357      -0.86076608       -1.2522561      -0.44993187 
      -1.5138905      -0.68740299       -1.0744010      -0.30557870 
    -0.033918385      -0.37418547      -0.77547713     -0.035452211 
      0.98902161     -0.039327017      -0.40557174       0.37742611 
       1.1781719      0.080671144      -0.34590292       0.50456821 
     -0.36447477       0.16607260      -0.23238816       0.55462235 
       2.3150296        1.0445505       -1.2816886        3.4606076 
       2.3254533        1.4128324      -0.78430220        3.7453712 
       1.9052950       0.98013372       -1.2099008        3.1168252 
       1.3351329       0.66957716       -1.4037406        2.6672937 
       1.6326565       0.90345805       -1.0756300        2.8181024 
       1.3338655       0.78156604       -1.1549104        2.5571858 
      0.80784831       0.29368497       -1.5519688        1.9743508 
       1.0432636       0.45984710       -1.2902856        2.0919577 
       1.0389410       0.52420434       -1.2461051        2.0900791 
       1.6120004       0.61378391      -0.94083673        2.2713323 
       1.1713262       0.62204365      -0.90127259        2.2253639 
       1.2600116       0.64086870      -0.86876547        2.2312547 
      0.96321154       0.39980163       -1.0930820        1.9585549 
       1.3030616       0.50892024       -1.0460343        1.9573759 
       1.0783888       0.24649292       -1.2931663        1.6855833 
      0.57210445      -0.17427636       -1.6342067        1.2957035 
      0.86752647      0.076944778       -1.4644691        1.4063718 
      0.16640691      -0.47088581       -1.9349043       0.87210098 
     -0.42001745      -0.83692803       -2.1917178       0.56448819 
     -0.31081518       -1.1213774       -2.5230682       0.13216407 
      -1.0966952       -1.7913558       -3.0861147      -0.47582388 
      -2.9417167       -3.0212525       -4.2882409       -1.7636877 
      -4.1513934       -3.9594493       -5.2140752       -2.7190440 
      -4.0677194       -3.9610990       -5.1998611       -2.7474068 
      -4.3425876       -4.1899148       -5.3547645       -2.9091923 
      -4.5056644       -4.3851054       -5.5952171       -3.1551516 
      -4.6775095       -4.4997512       -5.7319108       -3.3587557 
      -4.5641967       -4.3961773       -5.5991025       -3.2248838 
      -4.0871638       -4.0597686       -5.2437082       -2.9544070 
      -3.4632243       -3.5493535       -4.6407889       -2.3943145 
      -3.6070105       -3.5096966       -4.7357495       -2.4216091 
      -3.9347622       -3.4455622       -4.6412266       -2.3225951 
      -3.6392464       -2.9694797       -4.1577480       -1.8241524 
      -3.2769853       -2.5805102       -3.7508991       -1.4072464 
      -3.0087491       -2.3096655       -3.5312267       -1.1982790 
      -2.1448333       -1.8797204       -2.9890669      -0.69606790 
      -2.6728429       -2.1384548       -3.2635683      -0.92591063 
      -2.4116794       -1.9083893       -3.0913723      -0.79369399 
      -2.3661681       -1.9408007       -3.0198178      -0.70053507 
      -2.5220761       -2.0030377       -3.1829309      -0.88020164 
      -3.0141107       -2.1672957       -3.3304497       -1.0182731 
      -2.7185499       -1.8908351       -3.0581714      -0.73422705 
      -2.7924993       -1.7705595       -2.9136671      -0.56621579 
      -1.8715583       -1.1852502       -2.3162882      0.039459926 
      -1.8234651       -1.0797286       -2.2700771      0.092068465 
      -2.0353980       -1.0845197       -2.2726714       0.11355352 
      -2.0379335      -0.99806251       -2.2428445       0.15813509 
      -1.3005051      -0.64619812       -1.8874605       0.52018668 
     -0.68727204      0.022130054       -1.0688019        1.3086850 
     -0.47600688       0.28130301      -0.90287729        1.4934217 
      0.31938086       0.78077659      -0.36205461        1.9899345 
      0.96754627        1.3967513       0.26535399        2.5531928 
       1.3916125        1.6730179       0.57073855        2.8107988 
       2.3791609        2.3583554        1.3305474        3.5650991 
       3.1018064        2.7090247        1.6641547        3.8368919 
       3.2526266        3.0261230        1.9943227        4.1593780 
       4.0135236        3.4651915        2.4577975        4.6045876 
       4.9437623        3.8361753        2.7554699        4.9262718 
       3.5008528        3.3439873        2.2453467        4.4529581 
       4.9210647        3.8607418        2.6920790        4.9642431 
       4.8265673        3.8012492        2.6579779        4.9762173 
       4.4878299        3.4602416        2.3444036        4.6948755 
       3.1635657        2.7414589        1.6094017        3.9605016 
       3.6342734        2.6960892        1.4995880        3.8411743 
       2.6389806        2.0866528       0.88906650        3.2273025 
       2.3964876        1.8376723       0.69209866        3.0316793 
       2.8148685        1.8612109       0.70917018        3.0271413 
       2.8337600        1.7251161       0.62887924        2.9715389 
       2.4929890        1.3926453       0.24234465        2.5359425 
       2.7240723        1.4020858       0.19472150        2.5139101 
       1.9045253       0.95776607      -0.18181437        2.1307316 
       1.7144565       0.94275510      -0.23955094        2.0844373 
       3.1138270        1.8142202       0.66409354        2.9999336 
       3.4587102        2.0987610       0.91751363        3.2526993 
       3.6564033        2.1836471        1.0417247        3.4081356 
       3.9400559        2.3349409        1.1549856        3.5225816 
       4.3433452        2.6918465        1.4638010        3.8892763 
       4.4225791        2.8148277        1.6657609        4.0591806 
       4.5828149        2.8750023        1.6666814        4.0591374 
       3.9120834        2.8361941        1.5593050        3.9561511 
       3.7762102        2.8832723        1.7197501        4.0392839 
       3.9278035        2.9772044        1.8915162        4.1590462 
       4.0817761        3.2935062        2.1610922        4.4064103 
       3.6035321        3.0818638        2.0035565        4.1456803 
       3.1339918        2.8739747        1.7563479        3.8474517 
       2.2101249        2.6314585        1.6243874        3.6611366 
       1.7541711        2.4116442        1.4164764        3.4445620 
       2.0580396        2.5058567        1.5070213        3.5468492 
       1.6662395        2.2031335        1.1510701        3.1806770 
      0.78816641        1.5743000       0.56257776        2.5915356 
    -0.061586689       0.85221365      -0.12847652        1.9059054 
     -0.89608713     -0.099123734       -1.0659073       0.97436217 
      -2.3821994       -1.6415973       -2.6462761      -0.65050586 
      -4.8434802       -3.7633890       -4.8478057       -2.8114038 
      -6.8083176       -5.7988099       -6.8366742       -4.8112420 
      -8.2235779       -7.0563886       -8.0933106       -6.0194359 
      -7.4057122       -6.8453709       -7.9392404       -5.8420945 
      -6.6357057       -6.5999885       -7.7083809       -5.5758156 
      -6.6147778       -6.6186987       -7.6864257       -5.4550315 
      -5.7114652       -5.9902749       -7.1019707       -4.8651026 
      -5.4425934       -5.8995459       -7.1018665       -4.7714955 
      -5.6608168       -5.6773463       -6.8241067       -4.4737415 
      0.30621359     -0.078095359      -0.63001662       0.51411420 
      0.31621359      -0.17943720      -0.73730278       0.37269076 
      0.30621359      -0.19458171      -0.75666474       0.33834134 
      0.37621359      -0.18061624      -0.69447515       0.36270303 
      0.45621359      -0.17581396      -0.72278581       0.30570125 
      0.45621359      -0.17764404      -0.67620041       0.31228922 
      0.21621359      -0.14962165      -0.59982686       0.37451367 
      0.20621359      -0.18191479      -0.66038304       0.31367034 
      0.10621359      -0.24171640      -0.70281637       0.25549269 
      0.12621359      -0.24722674      -0.71120134       0.22498173 
      0.18621359      -0.27237695      -0.70179148       0.22296914 
      0.35621359      -0.30264150      -0.78014917       0.13187563 
     0.076213592      -0.38220305      -0.83749425      0.056530539 
    -0.093786408      -0.40326369      -0.82705125      0.057479771 
     0.016213592      -0.41293402      -0.86166293     0.0086403577 
     -0.10378641      -0.38897744      -0.81978195      0.049517085 
    -0.033786408      -0.39595003      -0.82573714      0.027408757 
      0.53621359      -0.18100032      -0.61837909       0.22667835 
      0.36621359      -0.17899664      -0.61154035       0.22663623 
      0.37621359     -0.094374155      -0.52116710       0.32396294 
      0.30621359     0.0046709893      -0.39960724       0.43872797 
      0.41621359       0.13265414      -0.31244870       0.52843343 
      0.39621359       0.16946205      -0.24613808       0.59055055 
      0.74621359       0.18626276      -0.23163938       0.60025494 
      0.89621359       0.27592079      -0.16836380       0.65911170 
       1.0962136       0.34584858     -0.061785560       0.76175027 
      0.70621359       0.45370880      0.038075073       0.85086582 
      0.25621359       0.32976047     -0.072976004       0.73749453 
      0.37621359       0.36620017     -0.042185333       0.77855530 
      0.14621359       0.30136544      -0.11070663       0.69044825 
    -0.043786408       0.34231443     -0.050636689       0.74401561 
     -0.17378641       0.30299883     -0.099166089       0.71376443 
     -0.32378641       0.24368399      -0.16714285       0.64802810 
     -0.40378641       0.20665020      -0.16220864       0.62960365 
     -0.53378641       0.20375819      -0.19950978       0.61381880 
     -0.64378641       0.15970153      -0.24647482       0.55922545 
     -0.76378641       0.15310553      -0.24616811       0.55437435 
     -0.77378641      0.099725114      -0.31463782       0.48361228 
     -0.68378641       0.10475003      -0.26863826       0.51649621 
     -0.81378641       0.11027333      -0.30583344       0.48138705 
     -0.64378641       0.13652960      -0.24188561       0.53626251 
     -0.69378641      0.095016936      -0.29871637       0.49033932 
     -0.62378641       0.11273692      -0.27529403       0.50522695 
     -0.65378641      0.033905986      -0.32750163       0.44766038 
     -0.73378641     -0.020364814      -0.41599092       0.35929685 
     -0.77378641     -0.051173608      -0.42477818       0.36627052 
     -0.70378641     -0.065005382      -0.48087028       0.31530072 
     -0.70378641      -0.15649853      -0.55986021       0.22970547 
     -0.61378641      -0.24402073      -0.65705579       0.13000608 
     -0.68378641      -0.26204007      -0.66032715       0.11953751 
     -0.59378641      -0.31086799      -0.70281329      0.071100496 
     -0.59378641      -0.38041331      -0.72950607      0.034079492 
     -0.55378641      -0.35066030      -0.73023564      0.031391120 
     -0.47378641      -0.37206227      -0.75387717     0.0016870352 
     -0.43378641      -0.38410631      -0.73478474     0.0015111470 
     -0.42378641      -0.44846280      -0.81833654     -0.077751066 
     -0.40378641      -0.43400208      -0.78349030     -0.045666022 
     -0.31378641      -0.49720958      -0.87227886      -0.12629511 
     -0.33378641      -0.47744097      -0.85863138      -0.10973208 
     -0.28378641      -0.50517297      -0.86553526      -0.12684819 
     -0.24378641      -0.42205861      -0.78143448     -0.057954948 
      0.15621359      -0.36986860      -0.75806371     -0.019908158 
     0.056213592      -0.23137958      -0.57142545       0.15778814 
      0.22621359      -0.16474333      -0.54607840       0.18668845 
      0.38621359     -0.048443633      -0.40926107       0.33868911 
       1.2962136       0.14590792      -0.23468800       0.51933272 
      0.63621359      0.015543647      -0.33105135       0.40106263 
      0.82621359      0.058238877      -0.30916338       0.42501637 
       1.1162136       0.16387136      -0.21157337       0.51921389 
      0.68621359      0.087756975      -0.28631931       0.44670817 
      0.56621359      0.076980075      -0.27851272       0.44787317 
      0.38621359      0.018259244      -0.36832187       0.36766242 
      0.25621359     -0.076611183      -0.44155204       0.29490356 
     0.026213592      -0.14496182      -0.54340643       0.19780831 
     -0.16378641      -0.11334653      -0.48437648       0.25492675 
     -0.37378641      -0.22804093      -0.59064660       0.15374975 
     -0.50378641      -0.31322115      -0.69865154      0.051828597 
     -0.56378641      -0.36150890      -0.75955618     0.0058426085 
     -0.62378641      -0.35114140      -0.74474157      0.016357021 
     -0.68378641      -0.54109196      -0.91379773      -0.15363698 
     -0.70378641      -0.57174384      -0.98948569      -0.21614034 
     -0.67378641      -0.60566445      -0.98016273      -0.22034000 
     -0.66378641      -0.69347548       -1.0630254      -0.32093223 
     -0.64378641      -0.65145268       -1.0157323      -0.27131442 
     -0.63378641      -0.66810135       -1.0388614      -0.29661801 
     -0.62378641      -0.71333096       -1.0601067      -0.32820583 
     -0.52378641      -0.67970058       -1.0287374      -0.30234340 
     -0.49378641      -0.70621910       -1.0694969      -0.32665422 
     -0.48378641      -0.61428548       -1.0063376      -0.25247728 
     -0.27378641      -0.47143467      -0.82092940     -0.066044950 
     -0.19378641      -0.35616411      -0.73556981      0.025042709 
    -0.093786408      -0.16618897      -0.55347581       0.22370890 
    0.0062135922      0.066325788      -0.31281771       0.48590069 
      0.44621359       0.51050384       0.10093636       0.91920755 
      0.92621359       0.75490229       0.33070792        1.1653844 
       1.4262136       0.81225023       0.36895218        1.2205112 
       1.5462136       0.69763373       0.27102467        1.1194581 
       1.5562136       0.69903213       0.29292764        1.1339823 
       1.1162136       0.59204824       0.18897180        1.0167061 
      0.86621359       0.43408668      0.021055118       0.84435798 
      0.69621359       0.59524052       0.16942992       0.99957338 
      0.32621359       0.48133830      0.037381403       0.90958785 
       -2.9004700       -1.4619225       -3.4817068       0.61453976 
       7.0177193      -0.34640840       -2.0839972        1.4815933 
      -3.0170400      -0.43537528       -2.0667667        1.2765290 
      -3.5158458      -0.25420767       -1.7859719        1.4106512 
      -4.7635406      0.097016261       -1.4091845        1.5940571 
       4.1624369       0.17868094       -1.2424300        1.6950734 
      -4.2568072       0.20280197       -1.2360434        1.6181724 
      0.38211974       0.41074414      -0.90201000        1.7806386 
      0.78712605       0.44029804      -0.86477522        1.7314898 
       5.1366345       0.49284989      -0.82049137        1.8167597 
     0.067275182       0.47813347      -0.88762355        1.7224346 
       2.5295680       0.37205380      -0.91110666        1.6868271 
     0.036277087      0.097478756       -1.1080989        1.4463391 
       3.3267452      0.014858336       -1.2381437        1.3195266 
      -2.8883685      -0.18700297       -1.5006548        1.0334422 
     -0.85438301      -0.15372639       -1.4277420        1.0915798 
     -0.71072318      0.073842020       -1.2192646        1.3363253 
       5.2569433       0.72108399      -0.62222613        1.9803618 
      0.30799811       0.74745438      -0.62107642        2.0393039 
       3.3598975       0.98680184      -0.36302389        2.3766157 
       2.7014896        1.0781245      -0.30972195        2.4735983 
       4.5593560       0.98143009      -0.43652956        2.4425365 
       1.3740898       0.70521098      -0.85509243        2.0707859 
       3.2967052       0.34764955       -1.1896562        1.7625509 
       1.4482104     -0.019064652       -1.5748127        1.3779197 
       2.4966570      -0.32307685       -1.8179210        1.1353567 
       2.1559552      -0.48350685       -1.9938309       0.92495966 
       3.1454285       -1.2917339       -2.7350906      0.080343495 
      -1.5961319       -1.6225197       -2.9727267      -0.19824147 
      -3.3953246       -2.0027267       -3.3375591      -0.67128771 
      -3.0372297       -2.2692800       -3.6057922      -0.99047293 
     -0.36016475       -2.5403968       -3.8100683       -1.2357780 
      -3.4570411       -2.8245479       -4.1093984       -1.4978997 
      -6.4137706       -2.9080756       -4.2496256       -1.6456811 
      -3.7481887       -2.6832784       -3.9450871       -1.3100301 
     -0.10747134       -2.5195294       -3.9276952       -1.2673881 
      -2.2426440       -2.3955625       -3.6864365      -0.94029756 
      -2.0715450       -2.3718746       -3.7717670      -0.98460357 
     -0.89341756       -2.2442918       -3.5888705      -0.76973397 
      0.97155209       -1.9447539       -3.3575744      -0.54845849 
      0.30810021       -1.6949319       -3.1343911      -0.35504980 
     -0.64675973       -1.6017151       -2.9625215      -0.20646794 
      -1.3264889       -1.3693406       -2.7521674    -0.0016136117 
     -0.89333892       -1.3356288       -2.6267792       0.11345203 
      -1.3737510       -1.3952747       -2.6531051      0.047124273 
      -3.0635170       -1.3373246       -2.6587030      0.055854457 
     -0.85858902       -1.1039131       -2.5375053       0.20989798 
      0.35915116       -1.0361548       -2.3542334       0.41515757 
      -1.2815979      -0.90741476       -2.3708468       0.42851434 
      -1.7543401      -0.63842834       -2.0322121       0.72179786 
      0.28100514      -0.31568086       -1.6355382        1.1197914 
     0.067772751     -0.069741853       -1.5063215        1.3006821 
      -1.3001488       0.31465685       -1.0725495        1.6948585 
    -0.015556289       0.71308966      -0.69032892        2.0722183 
      -2.5343741        1.0804851      -0.24779906        2.4936684 
     -0.14165036        1.3191581      -0.12046076        2.6370719 
      0.50419964        1.6293521       0.18170563        2.9232859 
       3.1285851        1.8110332       0.54252063        3.2734627 
       2.8040930        1.7803087       0.27343544        3.0224462 
       3.9426190        1.9203750       0.47007669        3.2418071 
       3.2296408        2.2496830       0.92789304        3.7220032 
       4.1888410        2.3900527        1.0119323        3.7984470 
       3.0113932        2.5883408        1.1995528        4.0406810 
     -0.47793972        2.7672651        1.2642756        4.1740033 
     -0.97759028        2.8364153        1.2103206        4.2386015 
      -1.3003583        3.2091805        1.6789292        4.8064656 
      0.39723477        2.6109400        1.0734807        4.2180294 
      -3.0799524        2.1500159       0.65588812        3.7826828 
      -1.0924145        1.9540546       0.40226871        3.4003850 
       4.1988332        1.5975648       0.17155823        3.1282381 
       2.7832179        1.0503117      -0.43054251        2.5180155 
      -1.6312600       0.51768666       -1.0035711        1.9107597 
     -0.49653251       0.35614941       -1.0394977        1.8551368 
       2.0464699      0.052977646       -1.3703773        1.5268845 
       1.1852453     0.0057808047       -1.4316207        1.5230719 
      0.93855687      -0.26229574       -1.6969992        1.2861540 
      -1.6068677      -0.52382752       -1.9299191        1.0281579 
      -1.4264919      -0.60510181       -2.1026548       0.91128975 
      -3.1987382      -0.50957023       -2.0636048       0.98734646 
      -5.4572876      -0.87240524       -2.4096908       0.68280246 
      -1.7782475      -0.79016045       -2.3586564       0.67742378 
       1.0257681      -0.55604777       -2.0538895       0.99922174 
      -1.7928578      -0.45866448       -2.0206585        1.0469536 
      -1.3214927     -0.056416270       -1.6959521        1.3938597 
      -1.0038723       0.18930311       -1.4432859        1.7297256 
      -2.7184114       0.23621478       -1.3938521        1.8010769 
      -3.5964975       0.49850468       -1.1089941        2.0312606 
     -0.58936796       0.76151037      -0.92034369        2.1818697 
     -0.13453572        1.1889163      -0.27369488        2.7975519 
     0.067849741        1.7064941       0.22984562        3.1639197 
      -1.4485993        2.1197127       0.68263565        3.5948062 
       1.4334290        2.5739391        1.1030071        3.9619674 
       4.5325930        2.9585764        1.4966433        4.3548502 
       15.033417        3.8108489        2.2812332        5.2565748 
       4.4446031        3.5928273        2.1150225        5.1199460 
       2.0589892        2.1691841       0.69100420        3.7087150 
      -1.1774554       0.44441953       -1.0336470        1.9619987 
      0.74738390      -0.88020824       -2.3342157       0.53397555 
      -5.3017667       -2.4599369       -3.9880991       -1.0685713 
      -6.9905435       -3.8125974       -5.3373858       -2.3434398 
      -2.5093712       -4.1365161       -5.7945685       -2.6339087 
      0.82821205       -4.6970893       -6.4405300       -3.0641265 
       6.7399326        2.8345288       -2.1596166        7.6429899 
       7.8647368        3.3705351       -1.2361703        8.1717271 
       6.8535659        2.8815170       -1.5112849        7.3383292 
       5.7464426        2.1461989       -1.9896457        6.2295842 
       4.8502401        1.8523583       -2.1305875        5.4541959 
       4.9777073        1.8787207       -1.7267843        5.4563511 
       1.4503851       0.31200728       -2.8985952        3.7193966 
       2.0994332       0.49217492       -2.5553458        3.9868245 
       2.9379065       0.79765393       -2.1378538        4.2434942 
       2.0177928       0.79702419       -2.3986245        3.8608396 
       1.4437415       0.67968086       -2.1905794        3.8214832 
       2.2255326        1.1713265       -1.7764368        4.2228244 
       1.1851829       0.95363110       -2.1311360        3.6764251 
       1.4867757        1.6077092       -1.3685781        4.4071063 
      0.99923727        1.8114219       -1.1378232        4.6042781 
     -0.22642416        1.3567463       -1.4353591        4.1556485 
      0.94688988        2.1708832      -0.66673051        4.8846108 
      -1.6672300       0.36038973       -2.4155483        3.0588597 
      -2.4681798      -0.39775417       -2.9480431        2.4047376 
      -5.8216604       -2.1978606       -4.9286177       0.52695145 
      -7.8156662       -4.1233125       -6.8272800       -1.3468344 
      -11.452054       -7.1305818       -10.045265       -4.3585206 
      -15.723619       -10.108589       -13.281550       -7.2069051 
      -17.032842       -10.807071       -14.139812       -7.7074891 
      -18.136622       -11.556495       -14.968397       -8.4113847 
      -19.239730       -12.356553       -15.782904       -9.0461298 
      -20.006992       -13.205832       -16.350362       -9.6602756 
      -17.756222       -12.094439       -15.084896       -8.7917976 
      -16.956068       -11.389640       -14.444651       -8.1886850 
      -14.597112       -9.8473951       -12.744523       -6.7320039 
      -14.456347       -9.3171102       -12.390380       -6.2301988 
      -13.486977       -8.4504938       -11.524107       -5.2576942 
      -12.194849       -6.8351526       -10.205279       -3.7840285 
      -9.1368781       -4.8761899       -7.8094778       -1.5515720 
      -8.5076760       -4.0780385       -7.2374635       -1.0705697 
      -6.7811536       -2.7031554       -5.7832558       0.29440971 
      -7.0184495       -2.8558328       -5.9262267       0.21850254 
      -5.3795241       -1.6894730       -4.7141481        1.3346567 
      -3.7613338      -0.90123936       -3.6953529        2.2058761 
      -4.5015343       -1.2402198       -4.2680699        1.7112701 
      -4.3887329       -1.6148476       -4.6032132        1.2260942 
      -3.1152133      -0.96972031       -3.8126792        1.9657022 
      -2.3864955      -0.79603286       -3.4863232        2.1345917 
     -0.62165011       0.55132914       -2.2294230        3.3868804 
      0.66846804        1.4175804       -1.2138956        4.3632831 
      0.90955703        1.7280373       -1.0050185        4.6075052 
       1.0973770        1.9011082      -0.82699492        4.8616000 
       2.2758432        2.8557730       0.15763007        5.7947063 
       5.0303112        4.6549868        1.9324881        7.4755561 
       4.6425658        4.8122460        1.9996451        7.4524065 
       6.4988919        5.7809345        3.0752633        8.5272433 
       8.8739749        7.1242030        4.3519132        9.7310839 
       9.3285683        7.3584141        4.7337892        10.028276 
       11.354820        8.5105413        5.8540308        11.326216 
       12.457686        8.8474309        6.1036947        11.714609 
       13.612130        9.2749203        6.3632744        12.167156 
       14.822652        9.9039479        6.7000274        12.789173 
       14.412942        10.000021        6.7541232        12.740247 
       15.163574        9.6720427        6.4803065        12.740753 
       16.995398        10.789473        7.7072875        14.230889 
       16.892052        10.295335        6.9354874        13.586956 
       15.975584        9.2439473        5.9263272        12.503204 
       13.835776        7.1461241        3.6990885        10.224285 
       11.970234        5.6847913        2.3908533        8.7814251 
       10.238124        3.5766223       0.32633125        6.7026960 
       6.7836835       0.90371422       -2.2210910        3.9104010 
       4.9798278      0.027393525       -3.0236440        2.9364650 
       3.5439079      -0.70328414       -3.5396304        2.3046806 
       2.0587324       -1.7267500       -4.5606435        1.2760257 
       1.3988954       -2.0763370       -5.0543115       0.70157420 
      0.35772528       -2.7198521       -5.5477685       0.15822338 
       1.3297417       -2.1125895       -4.9780052       0.79943176 
       4.2226643      -0.11594438       -3.0689368        2.7687365 
       5.8637309        1.2109018       -1.7031586        4.2212452 
       5.2817158        1.3968381       -1.4471284        4.4090215 
       7.9514504        2.7478047      -0.26641980        5.7721369 
       10.071733        4.4427577        1.1854197        7.5013734 
       11.126559        5.4191455        2.1899618        8.5187452 
       12.010527        6.1437965        2.8938819        9.4904635 
       13.269802        7.3323681        4.1949383        10.809070 
       14.045761        8.3145012        5.1926586        11.683076 
       14.561164        9.1657484        5.9474588        12.266611 
       16.354859        10.802229        7.7275523        13.945941 
       15.153292        10.487957        7.4903222        13.393344 
       13.155438        9.8751619        7.0223061        12.572287 
       11.192999        9.3103125        6.6815467        12.050798 
       9.8140356        8.6704387        6.0400447        11.597474 
       9.6409225        8.7387629        6.0474856        11.666780 
       8.1665842        7.7162484        4.8290248        10.482248 
       6.0922221        5.7597487        3.0207377        8.6940337 
       3.7077222        3.3837641       0.52957455        6.1811006 
       1.4079650       0.50291780       -2.3751723        3.2090969 
      -2.7176920       -3.9698334       -6.8793870       -1.1759532 
      -9.4356628       -11.261130       -14.276388       -8.3393640 
      -21.389902       -19.894282       -23.028825       -16.719253 
      -26.397441       -24.041666       -27.374628       -20.710094 
      -27.467133       -24.251327       -27.786918       -20.692325 
      -27.840048       -23.932745       -27.749295       -20.478013 
      -28.467358       -23.251715       -27.157733       -19.448028 
      -25.030226       -20.129434       -23.891911       -16.297106 
      -25.774691       -19.433656       -23.295343       -15.346294 
      -23.988666       -17.896145       -21.708204       -13.751745 
      -9.8616747       -11.783740       -14.691419       -8.8545871 
      -8.9089283      -0.92963312       -3.7977318        1.9008751 
      -9.2379479       -1.0055895       -3.8980935        1.6743732 
      -9.2545359      -0.93566577       -3.4877632        1.8843112 
      -8.2157245      -0.91081541       -3.5992169        1.6667453 
      -7.8600282      -0.91816889       -3.4454010        1.5348607 
      -7.6506670      -0.77685742       -3.0777649        1.8550463 
      -7.5316688      -0.93874256       -3.4050236        1.5493382 
      -7.5735119       -1.2425544       -3.6857171        1.2044460 
      -6.6612677       -1.2698539       -3.5995614        1.1925815 
      -6.3049026       -1.3960617       -3.6598949        1.0878957 
      -6.2508487       -1.5488768       -4.0295786       0.63097698 
      -6.3085544       -1.9539795       -4.2869675       0.30762259 
      -4.8510950       -2.0590809       -4.3332313       0.17650514 
      -4.9056968       -2.1086818       -4.3566086      0.091008708 
      -4.3492216       -1.9885602       -4.1391441       0.28558416 
      -3.6235273       -2.0224457       -4.1500916       0.19054076 
      -2.7958970      -0.93129687       -3.2366360        1.0784626 
      -1.9494028      -0.91988915       -3.1460837        1.1482938 
      -1.8727611      -0.48939167       -2.5930666        1.7115292 
      -1.0172479      0.014397828       -2.1590827        2.0773957 
      -1.0012073       0.66212437       -1.4842315        2.7330384 
     -0.90377322       0.84912757       -1.1815778        3.0097890 
     -0.62467415       0.93628307       -1.1552243        3.0042007 
      0.94959668        1.3929821      -0.74002506        3.4421811 
       1.6904283        1.7498642      -0.30910764        3.8211839 
       5.8154642        2.3027619       0.21229142        4.2778308 
       6.3323676        1.6746887      -0.37105924        3.6895221 
       7.1318469        1.8594455      -0.15574271        3.9533610 
       7.9362600        1.5326257      -0.50906510        3.5377630 
       8.9213351        1.7392090      -0.28795030        3.7502192 
       8.9760305        1.5402917      -0.54214540        3.5444026 
       8.8628184        1.2398203      -0.79173680        3.3276828 
       8.8152761        1.0520101      -0.91994133        3.1129751 
       8.4175629        1.0380521       -1.0845214        3.0696258 
       7.8587603       0.81482829       -1.2702961        2.8217546 
       7.1352288       0.78183987       -1.2660249        2.7945536 
       6.9187104       0.51131155       -1.4733936        2.6239351 
       6.7662368       0.53587713       -1.3606921        2.6265595 
       6.3421653       0.56402409       -1.5428827        2.4422178 
       6.1559531       0.69606616       -1.1902648        2.7786090 
       6.1613946       0.48430168       -1.4854559        2.5114620 
       6.3101486       0.57476836       -1.2994869        2.6541687 
       6.0752591       0.17463288       -1.7955437        2.1697882 
       5.7729196     -0.099374079       -2.0568558        1.8744243 
       5.0170150      -0.25661314       -2.2277744        1.7491629 
       4.3212123      -0.32652291       -2.2994895        1.7328508 
       3.2961435      -0.79216605       -2.7173154        1.2582114 
       2.4831018       -1.2361340       -3.3043672       0.67824448 
       1.5714275       -1.3276000       -3.3590753       0.58262748 
       1.1290199       -1.5758911       -3.6144400       0.26158018 
      0.73989641       -1.9299143       -3.7534792      0.089902549 
       1.3320325       -1.7785018       -3.5938634       0.23937199 
       1.9033524       -1.8870833       -3.6562392       0.12741592 
       2.2666459       -1.9485524       -3.6770380      0.043035956 
       1.7786669       -2.2750534       -4.1019050      -0.37460413 
       3.2859032       -2.2008109       -4.1232067      -0.39498920 
       2.5010009       -2.5214882       -4.3858552      -0.63387059 
       3.0373818       -2.4203595       -4.2785920      -0.55789254 
       3.7796490       -2.5588999       -4.4128887      -0.75489808 
       4.4452765       -2.1375734       -3.8478558      -0.19072446 
       2.5085055       -1.8748424       -3.7976314      -0.12825345 
       3.5564110       -1.1733329       -3.1576076       0.52187482 
       3.6688083      -0.83533338       -2.7875674       0.90944510 
       4.1258204      -0.24598398       -2.1241259        1.6281256 
       3.8995053       0.73926925       -1.2676942        2.5559705 
       3.9353547      0.080478984       -1.6226447        2.0754455 
       3.9804062       0.29541229       -1.5791998        2.1213758 
       3.7476666       0.83135739      -0.97839474        2.6994985 
       3.2264379       0.44652852       -1.4100976        2.2825527 
       2.5115643       0.39233293       -1.4177294        2.2568204 
       1.5725875      0.093035197       -1.7096838        2.0031132 
      0.90404139      -0.38735588       -2.2782519        1.4592647 
     -0.34337049      -0.73643903       -2.6430380        1.0699459 
     -0.65551271      -0.57286988       -2.4320591        1.3046547 
      -1.4676237       -1.1558479       -2.9290183       0.83971618 
      -2.0952280       -1.5883160       -3.4711509       0.30781158 
      -2.9659131       -1.8355401       -3.7800215      0.073696621 
      -2.2191864       -1.7808773       -3.7253542      0.078914791 
      -5.8246551       -2.7469638       -4.7153454      -0.94174859 
      -6.6408024       -2.9034245       -4.8899151      -0.98500593 
      -7.3809804       -3.0769701       -4.9810236       -1.1775725 
      -8.5237863       -3.5247589       -5.3842494       -1.6559332 
      -8.5004707       -3.3124220       -5.2086316       -1.4319897 
      -9.1576500       -3.3989616       -5.3723369       -1.5761627 
      -10.304846       -3.6279010       -5.4545786       -1.7237398 
      -10.091786       -3.4563595       -5.1882522       -1.4937304 
      -10.534640       -3.5932601       -5.4865042       -1.6976752 
      -9.4786101       -3.1261577       -5.1279374       -1.2735113 
      -8.4400687       -2.4032670       -4.2848746      -0.44539118 
      -6.9873473       -1.8184553       -3.7638283       0.10161707 
      -4.8429253      -0.85178333       -2.9320006        1.0106120 
      -4.0812775       0.32750865       -1.7108645        2.3247497 
    -0.029368710        2.5832513       0.60194862        4.6396921 
       2.5159429        3.8241372        1.7736038        5.8468811 
       4.8709627        4.1174962        2.0553490        6.1998414 
       5.5117627        3.5387119        1.4483958        5.6647170 
       6.6470391        3.5480195        1.3218041        5.5019410 
       6.0327107        3.0048101       0.99164752        5.1170670 
       4.9132716        2.2029686      0.097550743        4.2585347 
       6.1346500        3.0226202        1.0172905        5.1730828 
       4.3114259        2.4423747       0.14183135        4.5173155 
      0.77983019       0.94805200      -0.14743973        2.0251227 
     0.016124750      -0.49845830       -1.5136579       0.52739274 
     -0.93191635      -0.95146847       -1.9413369     -0.051065348 
     -0.96616966      -0.90875895       -1.8409098     0.0074078189 
     -0.98791898      -0.78137595       -1.6325228       0.13904998 
      -1.1078340      -0.59576728       -1.4342843       0.28452520 
      -1.3659567      -0.41740454       -1.2445087       0.42868233 
     -0.36162624      -0.16728735      -0.95673909       0.66883622 
      0.51668203    -0.0066267733      -0.85305649       0.76012093 
      0.58072918       0.10381708      -0.69886730       0.91521945 
    -0.058036381      0.052170274      -0.72954592       0.85275103 
      0.45148107       0.34837583      -0.43616223        1.1181381 
      0.43042383       0.35699639      -0.36746437        1.1732443 
      0.25966229       0.22359793      -0.54219544        1.0125020 
      0.35980810       0.30462409      -0.51646286        1.0402469 
     -0.19867905     -0.047821210      -0.79879719       0.70857282 
     -0.23555413      -0.19816971      -0.96958763       0.54357579 
     -0.24043759     0.0016819479      -0.76604663       0.73977011 
      0.23720758       0.49352145      -0.26192262        1.2363951 
      0.33807898       0.70211425     -0.076291641        1.4642747 
      0.85273621       0.95502577       0.14920922        1.7033379 
      0.74153787        1.1615086       0.39083566        1.9612611 
      0.50431989        1.1603483       0.33217487        1.9439258 
      0.48046502        1.2390172       0.40203752        2.0168257 
      0.13905107        1.1595433       0.34528816        1.9413894 
   -0.0011341102        1.1261422       0.29074663        1.9380812 
     0.098620662        1.1575284       0.30797788        1.9589141 
    0.0070375838       0.93188848       0.11856051        1.7495741 
     -0.31721250       0.58452997      -0.21735923        1.4161095 
    -0.025452878       0.52687427      -0.26065921        1.3591969 
     -0.58879827       0.38825678      -0.46108176        1.1759994 
     -0.57833722       0.38138637      -0.44615408        1.1803436 
      -1.2247800       0.17259589      -0.65529883       0.98845387 
     -0.79846509      0.080579358      -0.73922901       0.89318480 
     -0.28895526       0.24925584      -0.62113360       0.99665854 
      0.29469607       0.41048596      -0.39284933        1.1741271 
      0.68362638       0.52761277      -0.26118544        1.3132759 
      0.85879923       0.53686301      -0.24833244        1.3349761 
      0.51076120       0.24573072      -0.52669987       0.99630161 
     -0.24046760     -0.033105820      -0.78121771       0.78190307 
     -0.16517600     -0.046810128      -0.87838518       0.69083766 
     -0.56349224      -0.31897955       -1.1185447       0.43635742 
     0.014568947      -0.20328070      -0.94125346       0.54822958 
      0.41935529      -0.13604868      -0.86909635       0.62105737 
      0.40121571      -0.19572526      -0.95501453       0.53627513 
    -0.029752699      -0.36769502       -1.1355961       0.33086357 
      0.28630669      -0.27098113       -1.0015367       0.48362993 
      0.14927939      -0.53574919       -1.2781151       0.19861944 
     -0.15111777      -0.80956221       -1.5708286     -0.096924273 
     -0.51525094      -0.90893341       -1.6237848      -0.15799178 
     -0.50338157       -1.1523804       -1.8985434      -0.42744612 
     -0.68543877       -1.3643114       -2.1348952      -0.64623598 
     -0.72102677       -1.4294745       -2.1688896      -0.68953261 
     -0.57931110       -1.3542387       -2.1281782      -0.63254685 
     -0.27899639       -1.3251522       -2.0621287      -0.57263647 
      0.21158512       -1.0614406       -1.8654718      -0.31182310 
      0.39428581      -0.90627287       -1.6680528     -0.086541602 
      0.39083613      -0.75150574       -1.5042011      0.056315161 
      0.58273036      -0.53014108       -1.3325871       0.27508441 
      0.71122883      -0.68430586       -1.5727413      0.083966014 
      0.60723791      -0.73323152       -1.5378920      0.097169618 
      0.32122975      -0.81955202       -1.6488154     -0.045615645 
      0.18330727      -0.74522311       -1.5137567      0.029523258 
      0.35338288      -0.65197784       -1.4139508       0.10852546 
      0.47126474      -0.52343046       -1.2611316       0.28198730 
      0.55655041      -0.16830555      -0.92868608       0.61272107 
      0.68855318       0.23880420      -0.54733029       0.93987062 
      0.60624882       0.35385559      -0.36863933        1.1414360 
      0.13819300       0.35974213      -0.39063706        1.1270929 
      0.27257278       0.46484839      -0.29828974        1.1898812 
     -0.14250084       0.36506200      -0.36911311        1.1264971 
     -0.81907699      -0.10969305      -0.90320626       0.60591817 
     -0.13910539      -0.18693390      -0.98788478       0.52542731 
     -0.25401361      -0.29400601       -1.0177343       0.48086203 
     -0.67513195      -0.33807166       -1.1071197       0.40490865 
     0.056378317      -0.39176230       -1.1544960       0.37172174 
     -0.40021186      -0.70305867       -1.4253310      0.080772777 
     -0.47565645      -0.82565420       -1.6111132     -0.096082255 
     -0.53044903      -0.93442183       -1.7210858      -0.19683297 
     -0.70477561       -1.0083206       -1.7867709      -0.25333458 
     -0.51848036       -1.0579155       -1.8201436      -0.31273765 
     -0.22095670       -1.0828842       -1.8209006      -0.29280892 
     -0.13126373       -1.1230382       -1.9099114      -0.38993993 
      0.23168787      -0.93643570       -1.6658063      -0.17722022 
     -0.13092029      -0.90983307       -1.7123049      -0.19317973 
     -0.35804110      -0.73177118       -1.4092288      0.078395618 
     -0.32853535      -0.70150303       -1.4697892      0.023662546 
     0.078970229      -0.67597204       -1.4138266      0.082157421 
    -0.053935476      -0.73759965       -1.4306370       0.10227372 
    -0.015702645      -0.59786920       -1.3869194       0.14490517 
      0.20526253      -0.21156089      -0.93885902       0.54079930 
      0.37057396       0.15631787      -0.55754364       0.91006419 
      0.60172756       0.56503496      -0.19157777        1.3005698 
       1.7199979        1.3606359       0.64279664        2.1803686 
       1.7162937        2.4444693        1.6315300        3.1759566 
      0.80045919        2.7790850        1.9438528        3.5668316 
     -0.35872410        2.5697096        1.7044425        3.3957744 
     -0.27296446        2.6576016        1.7248708        3.4790401 
     -0.34373574        2.7039545        1.7693119        3.5891056 
     -0.35233090        2.3008675        1.3594444        3.2191111 
     -0.88981778        1.9960940        1.1015826        2.9471073 
     -0.41703373        1.8602090       0.91757198        2.6869187 