MODEL       m1
PRIOR       0
MH-Run      5_SV
Subsample          1.0000000 
Coverage          0.90000000 
Dataset     2
burnin             5000.0000 
Draws              5001.0000 
=============================================
 
Parameter | Mean  |   SE   |  StdD | CI(LOW) | CI(HIGH)|  CD  | inefficiency factor
KAPPA      0.2322   0.0119   0.0569   0.1282   0.3149   1.5168 239.3312 
H          0.2584   0.0054   0.0334   0.2041   0.3131   6.3027 147.5864 
SIGMA_C    1.4941   0.0025   0.0133   1.4725   1.5157   0.7882 187.6331 
SIGMA_L    0.4891   0.0084   0.0344   0.4312   0.5337   3.6965 321.4777 
PHI        0.0276   0.0001   0.0024   0.0235   0.0313  -0.4958  21.4897 
IOTA_P     0.4971   0.0022   0.0155   0.4707   0.5218   2.5438 114.5560 
IOTA_W     0.4914   0.0015   0.0060   0.4832   0.4996 -12.1074 358.9439 
THETA_P    0.5300   0.0165   0.0947   0.3949   0.7078   0.1501 154.5034 
THETA_W    0.2207   0.0034   0.0385   0.1577   0.2813   1.9545  42.9469 
RHO_R      0.6963   0.0041   0.0407   0.6327   0.7594   1.7087  53.8732 
MU_PI      3.0242   0.0048   0.0199   2.9994   3.0556  -4.7533 337.8945 
MU_Y       0.0194   0.0006   0.0077   0.0068   0.0309   1.1328  32.8725 
RHO_A      0.9751   0.0009   0.0096   0.9599   0.9909  -1.9734  46.0821 
RHO_C      0.7013   0.0056   0.0482   0.6225   0.7789   0.7017  73.7792 
RHO_K      0.3731   0.0035   0.0248   0.3322   0.4130   1.6840 106.9269 
RHO_E      0.8980   0.0034   0.0258   0.8586   0.9432  -0.9218  91.0819 
RHO_F      0.0527   0.0057   0.0309   0.0023   0.0958  -8.9236 193.2902 
RHO_G      0.5814   0.0042   0.0169   0.5498   0.6028   6.0564 334.6826 
RHO_L      0.9907   0.0003   0.0053   0.9830   0.9992  -2.5902  20.8711 
E_A        0.4280   0.0031   0.0366   0.3662   0.4852  -1.1225  37.9999 
E_C        0.7318   0.0134   0.0571   0.6425   0.8260   8.4312 289.9927 
E_E        0.2452   0.0014   0.0193   0.2119   0.2741  -0.6875  29.4861 
E_F        0.9174   0.0081   0.0359   0.8552   0.9729  -2.5390 275.7922 
E_G        0.5648   0.0074   0.0280   0.5301   0.6082  18.5479 354.1675 
E_K        0.6458   0.0049   0.0468   0.5636   0.7194  -5.8328  57.6164 
E_L        1.2969   0.0061   0.0264   1.2489   1.3360  -3.1830 280.5348 
E_R        0.1333   0.0010   0.0118   0.1153   0.1537  -0.9218  42.2080 
S1_SIG     3.0964   0.2290   1.0496   1.2802   4.4490   6.7970 268.4850 
S1_RHO    -0.0466   0.0488   0.3771  -0.6466   0.5842  -1.9286  91.0660 
S1_PHI    -0.0185   0.0639   0.4834  -0.8161   0.7605  -0.6255  92.7476 
S1_MU     -0.1598   0.2033   1.0462  -1.8734   1.5408   3.2387 219.9016 
S2_SIG     3.4728   0.3411   1.4153   1.6976   5.9633   2.5796 308.5228 
S2_RHO     0.0490   0.0505   0.3814  -0.5879   0.6572  -1.7214  93.1954 
S2_PHI    -0.2170   0.0577   0.4056  -0.9004   0.4154   5.0576 110.5658 
S2_MU     -1.3407   0.1256   0.7517  -2.3785  -0.0028  -0.5954 149.1690 
S3_SIG     2.9533   0.2042   0.9517   1.1416   4.2794  -0.9070 237.2402 
S3_RHO     0.0238   0.0455   0.3847  -0.5880   0.6373   1.6017  77.6617 
S3_PHI     0.1418   0.0556   0.4222  -0.5190   0.8545  -1.4685  99.1214 
S3_MU     -1.0647   0.4544   1.9051  -4.4488   1.5642   1.9697 309.6999 
S4_SIG     3.1849   0.3311   1.3996   1.1052   4.9262   5.7759 285.1035 
S4_RHO     0.0357   0.0503   0.3746  -0.5572   0.6454   0.9813 100.9898 
S4_PHI     0.0080   0.0600   0.4643  -0.7468   0.7982  -0.7849  94.8514 
S4_MU     -1.3038   0.3750   1.6283  -3.8102   2.0278   2.8288 314.5078 
S5_SIG     3.3040   0.2765   1.2894   1.4910   5.1967   1.9042 255.6004 
S5_RHO     0.0245   0.0480   0.3722  -0.5892   0.6345  -0.8328  87.4821 
S5_PHI     0.0357   0.0719   0.4706  -0.7348   0.7906   0.3116 125.9203 
S5_MU     -2.0325   0.1887   0.8955  -3.5775  -0.6454   1.5537 233.1317 
S6_SIG     4.2710   0.2534   1.1444   2.2988   5.8216  -4.8062 252.6234 
S6_RHO     0.0263   0.0316   0.3340  -0.5248   0.5779   2.4430  48.8339 
S6_PHI     0.1975   0.0878   0.5347  -0.6227   0.9838 -13.7934 158.2875 
S6_MU     -2.9204   0.6287   3.3304 -10.0228   1.3451   6.4578 370.2603 
S7_SIG     3.0347   0.2157   1.2422   1.2883   4.4513  -1.1975 312.8750 
S7_RHO     0.0268   0.0237   0.3402  -0.5306   0.5960  -0.3718  29.3981 
S7_PHI    -0.2358   0.0461   0.4351  -0.9613   0.3848   3.2372  65.1231 
S7_MU     -1.3594   0.2349   1.0675  -2.9919   0.4134  -3.9904 260.4359 
S8_SIG     4.3004   0.3193   1.3077   2.6654   6.4570   6.3051 320.7164 
S8_RHO     0.1687   0.0318   0.3383  -0.3787   0.7286  -1.4546  48.3801 
S8_PHI     0.8765   0.0168   0.1155   0.7329   0.9900  -7.2862 109.1114 
S8_MU     10.9460   0.5382   2.1370   8.2087  14.4624  -4.5048 318.6340 
STD_1      0.2515   0.0006   0.0236   0.2146   0.2905  -0.8282   3.6619 
STD_2      0.2685   0.0006   0.0298   0.2190   0.3147   4.1974   2.5822 
STD_3      0.5212   0.0005   0.0383   0.4593   0.5841  -0.1478   1.1177 
STD_4      0.2943   0.0002   0.0226   0.2573   0.3310   0.0976   0.5719 
STD_5      0.6580   0.0007   0.0478   0.5803   0.7347   0.0000   1.0429 
STD_6      0.3393   0.0004   0.0278   0.2929   0.3811   0.3019   1.3059 
STD_7      0.5209   0.0004   0.0389   0.4612   0.5865  -1.5108   0.7374 
STD_8      0.2152   0.0004   0.0204   0.1816   0.2481  -0.9620   1.7239 
STD_9      0.6161   0.0012   0.0522   0.5297   0.6994  -1.4395   2.7657 
STD_11     0.3260   0.0008   0.0259   0.2828   0.3672   0.7205   5.6634 
STD_12     0.6435   0.0020   0.0525   0.5577   0.7282   1.0274   8.2524 
STD_13     0.0100   0.0000   0.0000   0.0100   0.0100  -2.7996 375.0748 
STD_14     0.6589   0.0008   0.0514   0.5755   0.7421   1.4288   1.3436 
STD_15     0.5012   0.0073   0.0627   0.3999   0.6007  -0.0633  71.2355 
STD_16     0.5363   0.0011   0.0443   0.4654   0.6080  -0.3017   3.6586 
STD_17     0.6701   0.0074   0.0710   0.5565   0.7846  -0.3291  58.7685 
STD_18     0.3559   0.0005   0.0295   0.3063   0.4020  -0.0444   1.8665 
STD_19     0.6385   0.0016   0.0553   0.5490   0.7302  -3.8377   4.8105 
STD_20     0.6596   0.0020   0.0621   0.5537   0.7550  -3.2204   5.8145 
STD_21     0.7929   0.0017   0.0737   0.6622   0.9070  -1.8908   3.1144 
STD_22     0.2121   0.0004   0.0156   0.1862   0.2372   1.2330   4.5261 
STD_23     0.1576   0.0004   0.0120   0.1380   0.1768   2.1869   6.3765 
STD_24     0.2527   0.0005   0.0183   0.2238   0.2829   2.8821   3.8470 
STD_25     0.2151   0.0005   0.0159   0.1900   0.2412   1.2926   5.2072 
STD_26     2.0253   0.0059   0.1692   1.7430   2.2925   0.4792   6.7481 
STD_27     2.5090   0.0031   0.1801   2.2215   2.8003  -1.1326   1.6742 
STD_28     1.7064   0.0050   0.1471   1.4617   1.9412   0.4109   6.3218 
STD_30     0.7583   0.0052   0.1425   0.5402   0.9944   0.0000   7.2957 
STD_31     2.1837   0.0037   0.1813   1.8657   2.4555   3.2369   2.3210 
STD_32     1.0442   0.0025   0.1058   0.8781   1.2124  -4.6598   3.0530 
STD_34     0.8695   0.0010   0.0706   0.7526   0.9813  -1.2014   1.1249 
STD_36     0.8346   0.0017   0.0630   0.7349   0.9411   0.3459   3.9601 
STD_37     0.1432   0.0002   0.0116   0.1250   0.1619   1.5201   1.6611 
STD_38     0.1650   0.0003   0.0136   0.1422   0.1858   0.1082   3.5893 
STD_39     0.1460   0.0001   0.0120   0.1257   0.1644   0.5580   0.5325 
STD_40     0.1520   0.0004   0.0127   0.1303   0.1710  -0.7600   6.7403 
RHO_1      0.9816   0.0002   0.0124   0.9648   1.0000  -2.6404   1.0582 
RHO_2      0.5601   0.0078   0.1082   0.3822   0.7335   4.1872  28.2275 
RHO_3      0.9736   0.0003   0.0177   0.9494   1.0000   1.7276   1.1560 
RHO_4      0.8497   0.0013   0.0542   0.7604   0.9390   0.0000   3.0410 
RHO_5      0.9118   0.0006   0.0433   0.8412   0.9814  -5.1420   1.0126 
RHO_6      0.8965   0.0011   0.0610   0.8172   0.9881   0.7862   1.9246 
RHO_7      0.9410   0.0005   0.0353   0.8938   0.9996   1.2545   1.1249 
RHO_8      0.9472   0.0004   0.0298   0.9076   0.9978  -0.6248   1.1604 
RHO_9      0.8864   0.0031   0.0573   0.7972   0.9796  -2.0387  15.7516 
RHO_11     0.9915   0.0001   0.0074   0.9813   1.0000  -0.1395   0.8240 
RHO_12     0.9853   0.0002   0.0119   0.9685   1.0000   1.7302   2.4170 
RHO_13     0.0000   0.0000   0.0000   0.0000   0.0000        .        . 
RHO_14     0.0472   0.0072   0.1133  -0.1567   0.2205   0.4924  21.9002 
RHO_15    -0.2892   0.0042   0.1077  -0.4682  -0.1128   1.5154   8.4058 
RHO_16    -0.0066   0.0072   0.1194  -0.2048   0.1864   0.7250  20.2093 
RHO_17    -0.2517   0.0060   0.1091  -0.4406  -0.0840   0.5572  16.3914 
RHO_18     0.9639   0.0004   0.0227   0.9330   0.9996  -1.5949   1.6175 
RHO_19     0.9142   0.0006   0.0336   0.8616   0.9722   0.2436   1.8500 
RHO_20     0.9376   0.0006   0.0302   0.8918   0.9891   1.8920   2.2675 
RHO_21     0.9518   0.0005   0.0265   0.9140   0.9966   0.4099   1.8786 
RHO_22     0.9447   0.0005   0.0300   0.9017   0.9961  -1.6457   1.4045 
RHO_23     0.9699   0.0004   0.0212   0.9399   0.9999  -0.9223   1.9152 
RHO_24     0.9135   0.0013   0.0430   0.8461   0.9855   0.0176   4.7783 
RHO_25     0.9526   0.0006   0.0287   0.9136   1.0000  -0.6551   2.5296 
RHO_26     0.0603   0.0030   0.1126  -0.1197   0.2486   1.7061   4.0204 
RHO_27     0.6965   0.0010   0.0715   0.5759   0.8114  -1.2856   1.1383 
RHO_28     0.2198   0.0035   0.1226   0.0175   0.4150   1.2597   4.6349 
RHO_30     0.9387   0.0008   0.0424   0.8838   0.9974   4.5982   1.8723 
RHO_31     0.8312   0.0010   0.0644   0.7271   0.9360  -0.2943   1.4558 
RHO_32     0.9669   0.0004   0.0234   0.9351   1.0000   6.2550   1.9134 
RHO_34     0.9248   0.0008   0.0288   0.8763   0.9699   2.1455   4.1497 
RHO_36     0.9812   0.0002   0.0135   0.9623   1.0000   1.0420   1.6552 
RHO_37     0.6262   0.0045   0.1136   0.4377   0.8031   0.5300   8.6737 
RHO_38     0.5440   0.0044   0.1108   0.3701   0.7346   1.5239   8.5011 
RHO_39     0.5715   0.0056   0.1205   0.3866   0.7778   1.1724  11.8228 
RHO_40     0.5099   0.0064   0.1290   0.3065   0.7291   1.8885  13.4528 
GAM_1      1.0000   0.0000   0.0000   1.0000   1.0000        .        . 
GAM_2      1.1089   0.0031   0.0510   1.0275   1.1941   2.5745  19.7577 
GAM_3      0.8923   0.0036   0.0758   0.7732   1.0199   2.7065  12.1072 
GAM_4      0.6572   0.0033   0.0490   0.5764   0.7358   4.5731  24.5793 
GAM_5      1.0000   0.0000   0.0000   1.0000   1.0000        .        . 
GAM_6      0.9312   0.0024   0.0799   0.7954   1.0565   2.7037   5.0531 
GAM_7      1.0133   0.0023   0.0901   0.8698   1.1649   1.6114   3.5439 
GAM_8      0.8793   0.0036   0.0739   0.7603   1.0031   2.7512  13.3123 
GAM_9      1.0000   0.0000   0.0000   1.0000   1.0000        .        . 
GAM_11     0.4426   0.0021   0.0395   0.3794   0.5084  -1.8876  16.1087 
GAM_12     0.8701   0.0038   0.0656   0.7630   0.9771  -1.4099  18.5849 
GAM_13     4.0000   0.0000   0.0000   4.0000   4.0000        .        . 
GAM_14     4.0000   0.0000   0.0000   4.0000   4.0000        .        . 
GAM_15     3.9822   0.0017   0.0991   3.8201   4.1432  -0.3088   1.7337 
GAM_16     3.9636   0.0023   0.0983   3.8059   4.1285  -0.7869   3.0238 
GAM_17     4.0256   0.0015   0.1013   3.8504   4.1840   1.6761   1.2679 
GAM_18     1.0000   0.0000   0.0000   1.0000   1.0000        .        . 
GAM_19     1.2122   0.0011   0.0721   1.0885   1.3260   2.5579   1.3638 
GAM_20     1.3148   0.0015   0.0799   1.1884   1.4523   2.6869   1.8897 
GAM_21     1.3697   0.0022   0.0936   1.2240   1.5319   1.9785   3.0705 
GAM_22     4.0000   0.0000   0.0000   4.0000   4.0000        .        . 
GAM_23     4.0065   0.0009   0.0975   3.8387   4.1587  -0.4325   0.5206 
GAM_24     4.0104   0.0014   0.1004   3.8515   4.1738   0.6253   1.0588 
GAM_25     4.0153   0.0012   0.1002   3.8535   4.1837   1.2925   0.8057 
GAM_26     1.0000   0.0000   0.0000   1.0000   1.0000        .        . 
GAM_27     1.0098   0.0013   0.0961   0.8435   1.1624  -0.2803   0.9477 
GAM_28     1.0436   0.0019   0.0825   0.9184   1.1856   2.7098   2.8856 
GAM_30     1.0000   0.0000   0.0000   1.0000   1.0000        .        . 
GAM_31     1.1036   0.0009   0.0645   0.9985   1.2085  -1.0936   1.1000 
GAM_32     0.8918   0.0017   0.0541   0.8094   0.9859   6.4614   5.4118 
GAM_34     1.0000   0.0000   0.0000   1.0000   1.0000        .        . 
GAM_36     0.4786   0.0009   0.0599   0.3745   0.5691   0.2127   1.2363 
GAM_37     4.0000   0.0000   0.0000   4.0000   4.0000        .        . 
GAM_38     3.9753   0.0019   0.0909   3.8290   4.1269   0.8162   2.4345 
GAM_39     3.8672   0.0018   0.0895   3.7136   4.0059   0.1867   2.2159 
GAM_40     3.8453   0.0019   0.0898   3.6962   3.9907   1.5445   2.3733 
