       1.0000000 -th   shock  
mean    low band   high band

     -0.28992230      -0.55716440      0.013947189 
     -0.23548023      -0.50989107      0.035973682 
     -0.26609596      -0.53148477     0.0053637299 
    -0.035750472      -0.30249377       0.22700251 
     0.043312749      -0.22047509       0.29477555 
     -0.58754233      -0.86808345      -0.30409514 
     0.042974409      -0.21370868       0.30383116 
     0.080906474      -0.18353592       0.34002444 
     -0.13897671      -0.42538023       0.15180568 
     -0.12937250      -0.38260038       0.14089095 
     -0.12416565      -0.37477595       0.14040571 
     -0.15786349      -0.40445564       0.10182282 
      0.14283339      -0.13058185       0.38338296 
     -0.50903033      -0.76400381      -0.25349396 
     -0.29750943      -0.55505537     -0.034726099 
      0.29410423      0.021375251       0.55248577 
     -0.32436159      -0.60909489     -0.040728049 
     -0.50028126      -0.76906731      -0.17338078 
    -0.098876163      -0.34577721       0.17090977 
    -0.070693292      -0.34611058       0.20304901 
     -0.79361128       -1.0663447      -0.53127553 
     -0.71950370       -1.0189896      -0.44676265 
      0.18363429     -0.064152742       0.46882077 
     -0.23760012      -0.49376152      0.025988772 
    0.0016051538      -0.25460856       0.25435956 
     0.029724807      -0.23072660       0.28430882 
      0.26070029   -0.00060718686       0.51715674 
      0.22356648     -0.030022750       0.48226002 
      0.19958820     -0.062954974       0.45044669 
     0.047257637      -0.20149606       0.32003408 
     -0.20672141      -0.46259503      0.048338672 
      0.24432103     -0.013764822       0.50538873 
     0.090658886      -0.15734294       0.35251184 
    -0.026734793      -0.29011555       0.22610517 
     0.095212666      -0.14913950       0.37279787 
     -0.20930420      -0.47409677      0.039738717 
      0.12257461      -0.13966159       0.39178207 
     -0.16871518      -0.41277734      0.097509278 
      0.16414912     -0.090819838       0.42802174 
    -0.097407382      -0.35931857       0.16291782 
      0.16492979      -0.10316440       0.41888890 
     -0.16914294      -0.42197044      0.093083860 
      0.56826156       0.30478535       0.82234457 
     0.011955457      -0.26423500       0.24695004 
    0.0049374577      -0.25578133       0.25692509 
    -0.035218108      -0.26826064       0.23605862 
      0.39272889       0.13590745       0.65282839 
      0.60178164       0.34163567       0.84983864 
      0.33920946      0.078296185       0.60086169 
      0.60462120       0.34424356       0.85664880 
      0.36316100       0.10878681       0.62441859 
     0.084689659      -0.15575856       0.35743696 
      0.31854138      0.055678411       0.57033296 
      0.54612098       0.25986218       0.79225410 
      0.16331119      -0.10120124       0.41479204 
      0.18860192     -0.064038195       0.45204406 
      0.33300531      0.069266632       0.59143569 
     -0.37353055      -0.62037835     -0.086876286 
      0.60916121       0.34261192       0.87362013 
   -0.0077805722      -0.27514713       0.24279489 
   -0.0043951802      -0.27400766       0.24380126 
     -0.55282662      -0.81389557      -0.29540375 
      0.15891125      -0.12216188       0.42985915 
    -0.058887218      -0.32925347       0.17570145 
     -0.23683825      -0.49938105      0.058928537 
      0.16463246      -0.10155160       0.42705743 
     0.049859066      -0.19650539       0.31592745 
     0.027204094      -0.23580661       0.27763722 
      0.18744179     -0.067940610       0.44263694 
     -0.32796612      -0.58494727     -0.069716558 
     0.041508959      -0.21852281       0.29565419 
      0.20992753     -0.069255211       0.46358745 
     -0.14256408      -0.42620146       0.10673787 
     -0.47463158      -0.74218571      -0.22905427 
     -0.10144257      -0.34684278       0.16456047 
      0.11933416      -0.13378491       0.36486244 
     -0.28286207      -0.52479816     -0.021075979 
     -0.29375747      -0.55141646     -0.026808394 
     -0.15171480      -0.41388387       0.11372749 
     -0.65432311      -0.91366857      -0.39501806 
     -0.19120797      -0.46041688      0.067707595 
     -0.16999823      -0.44318768      0.082277709 
     -0.42951929      -0.68283509      -0.17093817 
     -0.17323709      -0.43322434      0.088673991 
    -0.093353591      -0.36956880       0.16411977 
     -0.55843088      -0.80729321      -0.29105070 
     0.065005376      -0.19146277       0.32874530 
     -0.19849632      -0.46041304      0.052884143 
     -0.15640560      -0.40817414      0.097919077 
     -0.16529574      -0.42786717       0.11164340 
     -0.57360771      -0.84124831      -0.32068173 
     -0.73304073       -1.0186449      -0.47031351 
      0.13793359      -0.15990550       0.40339502 
     -0.89476703       -1.1805729      -0.60570517 
     -0.42756225      -0.70104461      -0.14586683 
      0.78319360       0.50607376        1.0587982 
      0.56731077       0.30555530       0.83429006 
     0.083746859      -0.18173554       0.35436698 
      0.33638676      0.066873951       0.58103157 
    -0.036091650      -0.29819428       0.21049932 
      0.47059631       0.20496257       0.77035746 
     0.014188279      -0.67985723       0.73899244 
       2.0000000 -th   shock  
mean    low band   high band

     -0.31717844      -0.96317243       0.36992869 
      -1.0786473       -1.7141179      -0.47790970 
     -0.88910034       -1.5262092      -0.29217600 
     -0.29662157      -0.94789038       0.30128741 
     -0.28510504      -0.89630335       0.36239023 
      -1.3857401       -2.0191349      -0.78321107 
      0.71930525      0.050538251        1.3811672 
      0.64191126      0.013811095        1.2865128 
      -1.1683599       -1.8322326      -0.49413862 
      0.22638088      -0.38744827       0.88311438 
      0.81857625       0.18699659        1.3938477 
      0.61542079     -0.014700368        1.2112074 
      0.75214631       0.13435596        1.3417335 
       1.0142005       0.39218708        1.6591442 
     -0.60056133       -1.2366004     -0.014556611 
      0.80259494       0.17648420        1.4075964 
      0.32927820      -0.34734994       0.98447178 
     0.070324530      -0.62878103       0.74256263 
      0.28045232      -0.32424485       0.90276044 
      0.28189070      -0.34939885       0.90516504 
      -1.0584657       -1.7141744      -0.39843757 
     -0.14564761      -0.76556940       0.52129629 
      0.63225587      0.017542414        1.2652606 
     -0.51971645       -1.1626869      0.087030977 
     -0.98243701       -1.5949543      -0.37973752 
      0.38904933      -0.25042438        1.0008656 
     -0.91600436       -1.5576958      -0.32434074 
     0.092690940      -0.50085428       0.76115498 
      0.34795410      -0.25701958       0.94722907 
     -0.46592061       -1.0567454       0.15610986 
     -0.54791110       -1.1659779      0.061557465 
    -0.069066085      -0.71946999       0.51128940 
     -0.20994516      -0.82427106       0.40497776 
      0.42491844      -0.18669524        1.0515993 
      0.54761580     -0.019230846        1.1729105 
      0.39544779      -0.21651927       0.96387333 
      0.78605215       0.13444374        1.3809972 
      0.28633192      -0.31905324       0.90118227 
     0.062849589      -0.55593841       0.66680153 
    -0.063552170      -0.73010837       0.48504001 
     -0.33731300      -0.92924322       0.28154757 
     0.032948795      -0.58945037       0.60583465 
      0.71989257      0.060504376        1.3069634 
     -0.27249328      -0.89411288       0.33534799 
     -0.43432902       -1.0471386       0.15174242 
      0.17831413      -0.43166056       0.79247087 
     -0.35340190      -0.97984576       0.23026286 
      0.22429094      -0.38629295       0.83137045 
     0.018991852      -0.54663487       0.65414080 
     0.042232332      -0.54905378       0.65879668 
      0.11381957      -0.51710976       0.70202099 
     -0.24722705      -0.85262652       0.35828997 
     -0.56871753       -1.2267550      0.011919212 
     0.014600716      -0.62172198       0.65402616 
      0.45056610      -0.20082238        1.0340727 
      0.54777372     -0.063317244        1.1545622 
      0.28093645      -0.33128650       0.92233001 
     0.030404269      -0.54270732       0.70497578 
      0.72782265      0.047226351        1.3243349 
      0.95299763       0.30023410        1.5449229 
      0.18374887      -0.42947911       0.82181757 
     -0.52103211       -1.1521427      0.080878786 
     -0.33130106      -0.99081901       0.27407691 
     -0.57528498       -1.1892312      0.030269382 
       1.1788531       0.49655249        1.8370742 
     -0.32547518      -0.93019722       0.33137217 
      0.23119847      -0.36333255       0.85830559 
     -0.39166923       -1.0132478       0.20215445 
     -0.31502953      -0.93738545       0.28682396 
     -0.99988186       -1.5760511      -0.34244350 
     -0.63831531       -1.2703386     -0.037493623 
      0.57502797     -0.094353276        1.1788617 
     -0.92067901       -1.5622170      -0.31290258 
     -0.28568609      -0.85209893       0.39179969 
     -0.51718846       -1.1128073       0.13095660 
      0.10638621      -0.46279292       0.76560685 
     0.032336904      -0.57673068       0.61645149 
     0.075730482      -0.53405216       0.67356155 
     -0.54813176       -1.1883193      0.037821351 
     0.076752311      -0.50260768       0.72058354 
      0.47833084      -0.12263342        1.1155267 
      0.41462720      -0.17214598        1.0477192 
      0.54102629     -0.071650505        1.1565167 
     0.079085170      -0.57826008       0.65949094 
      0.65239652      0.065704646        1.2824433 
      0.35069342      -0.23267109       0.99140717 
      0.32364650      -0.29038152       0.92886388 
     0.087971711      -0.55305199       0.67494931 
    -0.096161232      -0.71610161       0.51669290 
     -0.84999023       -1.5550003      -0.22638471 
      -1.0845183       -1.6995684      -0.47128903 
      -1.9750829       -2.6679702       -1.3480062 
     -0.88017810       -1.5418742      -0.15793147 
       1.3066121       0.52648782        2.0728597 
     -0.42802806       -1.1294868       0.26330389 
      0.43221264      -0.27466116        1.0782750 
      0.69070020      0.050275116        1.3419721 
     -0.41318551       -1.0959768       0.19411829 
     0.098797534      -0.54752980       0.69990077 
     -0.57305471       -1.2282651      0.047881807 
       1.1770114       0.50064063        1.8991378 
    0.0026191049       -1.2253385        1.1608738 
       3.0000000 -th   shock  
mean    low band   high band

     -0.30937173      -0.47964896      -0.15255990 
    -0.042779911      -0.18716815       0.10535103 
     0.046998771     -0.097039584       0.19523606 
     -0.17524494      -0.33070921     -0.030751600 
    -0.084662125      -0.23338388      0.058364433 
    -0.088393119      -0.24574201      0.059636347 
     0.078868495     -0.074064231       0.22196515 
      0.18059718      0.030828835       0.32145757 
   -0.0088745978      -0.16770930       0.15206500 
     -0.25789379      -0.40750577      -0.11439348 
     0.032964096     -0.099511442       0.18933844 
      0.10751074     -0.038019472       0.25453123 
     0.016214733      -0.13499717       0.16064307 
     0.072930021     -0.071189327       0.21760027 
     0.013845084      -0.13939268       0.15545472 
    -0.014924784      -0.15849898       0.13267383 
     -0.51104205      -0.67549988      -0.36283166 
     -0.16629300      -0.32056483     -0.014373516 
    -0.088208970      -0.24018091      0.063994607 
      0.24524652      0.095411489       0.39975595 
     -0.13836415      -0.31270810      0.013566586 
     -0.23440599      -0.39868193     -0.069354225 
     -0.22529744      -0.37620584     -0.070821509 
     -0.24269311      -0.39709140     -0.097340284 
    -0.062531963      -0.21146869      0.093682989 
     -0.20892212      -0.36085536     -0.050467272 
      0.18321849      0.027400051       0.33407866 
     -0.13443826      -0.28425359      0.014434548 
  -0.00022847926      -0.15663770       0.14686875 
    -0.075732752      -0.22642298      0.086849209 
     0.013312292      -0.12667032       0.17002370 
     -0.14742949      -0.29238916      0.010696901 
     0.038243948      -0.10746220       0.19236011 
     0.085699480     -0.063164535       0.22970583 
      0.12344885     -0.022644632       0.26515832 
      0.14207802    0.00059789576       0.28569491 
   -0.0016674895      -0.14754131       0.14572296 
     -0.15322526      -0.30544784    -0.0036775967 
     -0.15684037      -0.30705736     -0.014103842 
    -0.042615024      -0.18837917      0.096000246 
    -0.089032213      -0.24061277      0.046588501 
      0.11134131     -0.032128468       0.26332674 
      0.13605587    -0.0054988505       0.28482042 
     0.083017459     -0.072015338       0.21932276 
  -0.00083193552      -0.15655197       0.13645873 
     0.074243141     -0.075985323       0.21361478 
      0.16174075      0.012403340       0.29791345 
     0.039357871      -0.10554956       0.18156296 
    -0.074148811      -0.21596600      0.074369755 
     0.067762665     -0.072910693       0.20999779 
     0.022005163      -0.12353500       0.16344898 
   -0.0041760624      -0.14853771       0.13908971 
     0.039426809      -0.11257449       0.18184315 
      0.25411488       0.10221965       0.40011654 
      0.15523797     0.0086047415       0.29875850 
    -0.026555600      -0.17581382       0.11194838 
     0.046538612     -0.093446611       0.19368547 
     0.027402547      -0.11072246       0.17667887 
      0.20352845      0.050215925       0.35595322 
    -0.029127638      -0.17957191       0.11865231 
     0.037807129      -0.10990751       0.18636034 
    -0.061211520      -0.20461180      0.090626881 
      0.20609942      0.051969061       0.35328334 
      0.16457166     0.0086167782       0.31909158 
     -0.41928577      -0.62673500      -0.19586453 
      0.12121716     -0.043588475       0.27133384 
    -0.095815530      -0.23521646      0.050668956 
     -0.16524633      -0.31664662     -0.027983636 
     0.054303450      -0.10016403       0.19298447 
    -0.036808547      -0.17735773       0.10682402 
    -0.081593660      -0.22049110      0.063833505 
      0.14210734     -0.011440896       0.29616988 
     0.095197934     -0.052127106       0.25528751 
     -0.19101549      -0.33147443     -0.042636616 
      0.33147411       0.19495806       0.48011687 
     0.067891176     -0.074969831       0.21783813 
     0.075879885     -0.072083333       0.21334699 
    -0.023075675      -0.18146671       0.12119656 
      0.28646168       0.11618638       0.44566812 
     0.015175458      -0.12393221       0.17435184 
      0.10766758     -0.040336921       0.25354036 
      0.18340823      0.026206021       0.32795562 
      0.11913421     -0.031107107       0.26451350 
     0.036684976      -0.10676254       0.18511669 
     0.017449366      -0.13775536       0.16558652 
    -0.079020899      -0.23137061      0.083490292 
      0.26015225      0.099812710       0.40582518 
    -0.036842554      -0.18728499       0.11859070 
    -0.072017836      -0.21582145      0.081420291 
    -0.063922124      -0.21467871      0.085744066 
     -0.15414216      -0.29935327    -0.0048399920 
     0.015869646      -0.14087233       0.17175270 
     -0.13497910      -0.30546382      0.041188545 
     -0.57819581      -0.75524738      -0.40350618 
     -0.59081986      -0.74331264      -0.42805371 
     -0.43027007      -0.58532156      -0.26800986 
     -0.12221298      -0.27550129      0.031448993 
      0.11176041     -0.055032820       0.29451891 
     0.031043786      -0.11944357       0.19540714 
     -0.18338181      -0.34149205     -0.025622436 
      0.13121251     -0.042526346       0.29192451 
   -0.0035942955      -0.39841494       0.41190036 
       4.0000000 -th   shock  
mean    low band   high band

     -0.54351711       -1.6447474       0.42900724 
       1.3005223       0.26436334        2.2538756 
      0.34613789      -0.67749503        1.3169591 
     -0.26584218       -1.2904336       0.66560659 
     -0.79019352       -1.7602093       0.25700034 
       1.3589981       0.33296167        2.2816036 
      -1.1154030       -2.0592061      -0.12382097 
     -0.71710922       -1.6248556       0.34209627 
      -1.4587427       -2.4675370      -0.52289350 
      0.46887163      -0.46741165        1.4417083 
    -0.024916715       -1.0038282       0.95788142 
      0.51322820      -0.47311208        1.4360057 
     -0.67233832       -1.6422627       0.27488217 
      0.80367246      -0.21391022        1.7387526 
  -0.00090335354      -0.96872402       0.95365018 
     -0.60394948       -1.5550913       0.34614229 
      -1.7833513       -2.7857316      -0.84762223 
      0.13368105      -0.83712358        1.2074217 
     -0.15205984       -1.1000929       0.84519459 
      0.40688418      -0.53255420        1.3671514 
     -0.13029640       -1.1637771       0.85391483 
       1.3576162       0.38897776        2.3257010 
     -0.38599152       -1.2922958       0.59933410 
      0.79432244      -0.17805726        1.7705687 
      0.47337668      -0.42937340        1.4848429 
     0.055562079      -0.92206342        1.0197166 
       1.6834648       0.68572588        2.6289677 
      0.58380150      -0.45979985        1.5306698 
      0.74242438      -0.27874472        1.6582920 
       1.1974928       0.22365936        2.1318627 
      0.68155814      -0.30047915        1.5915420 
       1.0294350    -0.0030051719        1.9291049 
      0.46140793      -0.54373460        1.4258795 
     -0.23951349       -1.2172384       0.77926848 
     -0.75900899       -1.7447344       0.22228441 
     -0.15066821       -1.0470011       0.86705010 
     -0.89710229       -1.8996244      0.017106742 
     0.054673883      -0.93063932       0.96658464 
      0.29470912      -0.65134439        1.2212157 
      0.39782227      -0.57081975        1.3447240 
      0.56115945      -0.37290321        1.5903132 
      0.22850139      -0.79103240        1.1573617 
      0.12676539      -0.81880550        1.1280681 
      0.49409975      -0.45029132        1.4529287 
      0.59089957      -0.39922804        1.5159013 
     0.013705171      -0.92594374       0.99559706 
  -0.00040522877      -0.89981390        1.0305768 
    0.0016265246      -0.94067199       0.97348273 
      0.42534971      -0.50436602        1.4176513 
     -0.16064357       -1.0930871       0.80621875 
      0.29050941      -0.65752939        1.2297781 
      0.14519208      -0.79714865        1.1518319 
     -0.24359134       -1.2385074       0.69558887 
     -0.29886468       -1.2624517       0.72052470 
     -0.52799660       -1.5476583       0.41114572 
      -1.1257038       -2.0862073      -0.15556325 
     -0.74864919       -1.7325100       0.19141626 
     -0.15284204       -1.1141062       0.83076935 
      -1.1813294       -2.1593808      -0.24445987 
     -0.18382778       -1.2141950       0.71697433 
      0.26045887      -0.74348387        1.2049477 
      0.67144785      -0.23776938        1.6997552 
     0.025188545      -0.91957462        1.0205694 
    -0.046392421       -1.0348726       0.91784928 
     -0.24821336       -1.2913220       0.71543436 
      0.26222301      -0.68055174        1.2800468 
      0.10098466      -0.86319474        1.0897483 
     -0.30082728       -1.3601682       0.63189863 
     -0.70019961       -1.7114962       0.28916324 
      0.38285575      -0.51415668        1.4269651 
      0.88874622     -0.073034553        1.8694061 
     -0.66707907       -1.5706562       0.32323770 
    -0.028756365       -1.0303736       0.90143966 
      0.41375194      -0.54620659        1.3848732 
     -0.18546394       -1.1282778       0.79341421 
      0.57616694      -0.48195214        1.4810444 
      0.36241874      -0.57405322        1.3169102 
     0.013124799      -0.98276592       0.98428955 
      0.98600998     0.0026991903        1.9695342 
     -0.54488165       -1.5287100       0.39625460 
     -0.64405328       -1.5995550       0.29465435 
      0.23574467      -0.69262636        1.2566788 
     -0.89889943       -1.8561012      0.063619886 
    -0.058437152       -1.0081955       0.91949956 
      0.53516814      -0.51280230        1.4386897 
    -0.099357845       -1.0467376       0.88933618 
     -0.89420860       -1.8854883      0.023542765 
     -0.87943857       -1.8400673      0.082310082 
     -0.80808817       -1.7236842       0.20242402 
     -0.81601900       -1.7383892       0.18047754 
      -1.4838375       -2.4633705      -0.50050885 
      -1.5541959       -2.5848143      -0.54171759 
      -3.3032202       -4.3709285       -2.2627379 
       1.4753460       0.49926792        2.4517750 
       1.3085377       0.32733381        2.2730307 
       2.2157928        1.2106963        3.1621813 
       1.2338393       0.33289677        2.2986000 
       2.1720646        1.1389633        3.1198026 
       1.2117891       0.16331170        2.1903462 
      0.21985466      -0.85454886        1.2654674 
      0.85723619      -0.15956097        1.8653113 
   -0.0035535080       -1.6487682        1.3344993 
       5.0000000 -th   shock  
mean    low band   high band

     0.095638707      -0.69585713       0.92297083 
     0.017655263      -0.79052385       0.84219085 
     -0.36567601       -1.2064807       0.45473344 
     -0.54016778       -1.3718801       0.30271569 
     -0.42971307       -1.2607562       0.39905331 
      0.61962551      -0.15607342        1.4855945 
     -0.16740750       -1.0547104       0.59796850 
     -0.32286945       -1.1784683       0.47751080 
       1.1625320       0.29280866        2.0061773 
     -0.43612915       -1.2665381       0.37237406 
      0.22169423      -0.63866867        1.0039399 
     -0.10089460      -0.92344614       0.70930810 
      0.19017257      -0.62130994        1.0161825 
      0.39406903      -0.43186248        1.1908964 
   -0.0051329132      -0.82007903       0.81052958 
     -0.77077831       -1.6434040      0.039426018 
    -0.044923983      -0.84170613       0.82378421 
      0.44948902      -0.34628637        1.2773984 
      0.52414174      -0.34163806        1.3341214 
      0.12056400      -0.68257297       0.97887099 
    -0.046271839      -0.85415604       0.77780694 
     -0.53445958       -1.4015227       0.27874385 
      0.15253140      -0.67692128       0.97021714 
      0.41536167      -0.38814667        1.2538246 
      0.23935772      -0.58230008        1.0871625 
     -0.40847448       -1.2367472       0.41753374 
      0.38278521      -0.48750778        1.1751685 
     -0.19339714       -1.0001087       0.64461300 
     -0.35985407       -1.2218817       0.42698668 
      0.13154676      -0.67465248       0.92894115 
     -0.28665230       -1.1054274       0.52894418 
     -0.41634848       -1.2460581       0.41308365 
     -0.19564150       -1.0372196       0.57211174 
     -0.13748567      -0.99157868       0.64935932 
      0.21173610      -0.60346201        1.0195684 
      0.13422280      -0.72196025       0.93285998 
      0.37850420      -0.48128932        1.1678773 
      0.14870605      -0.70461849       0.93594937 
     -0.39838985       -1.1938308       0.43447520 
     0.016440396      -0.79264420       0.85520686 
     -0.50636237       -1.3662433       0.29830926 
     -0.38311560       -1.2691966       0.38716159 
      0.26153713      -0.56301962        1.0689361 
    -0.027362351      -0.88532325       0.78328809 
     -0.16669103      -0.99056485       0.66455241 
      0.30528650      -0.50584249        1.1292504 
      0.28916382      -0.50869550        1.1274316 
    -0.065523333      -0.86719126       0.75144312 
      0.88000698      0.073737632        1.7258010 
     0.096043013      -0.72100888       0.91554595 
     -0.41189457       -1.2906937       0.37551403 
     0.017100581      -0.81434314       0.79697366 
    -0.037403431      -0.81905930       0.78510992 
     -0.11751333      -0.95946432       0.70774518 
     -0.22537623       -1.0638972       0.54925272 
     -0.19247098       -1.0300548       0.61015368 
      0.42916472      -0.43115669        1.2527309 
      0.20113052      -0.63533573        1.0404073 
      0.41976305      -0.39326473        1.2579654 
     -0.16691508       -1.0292602       0.61946479 
      0.10072589      -0.66640214       0.94406272 
    -0.040045767      -0.85279025       0.81389747 
     -0.18509640       -1.0278048       0.64457824 
     -0.50584556       -1.3881433       0.28362524 
     -0.82768541       -1.6588957      0.013963529 
      0.11001928      -0.71489937       0.91608320 
      0.43959392      -0.42571112        1.2212854 
      0.35153577      -0.47318601        1.1933291 
     0.040785239      -0.78531009       0.86829437 
      0.52488801      -0.30284233        1.3560940 
     -0.17762266      -0.97841342       0.66476337 
     -0.51673664       -1.3858434       0.28361552 
    -0.077747327      -0.85424889       0.75867790 
      0.16135200      -0.67990196       0.99271225 
     -0.14440414      -0.92052638       0.72938863 
     -0.33800563       -1.1613885       0.47775280 
     -0.15000900       -1.0029159       0.62083127 
     0.082191738      -0.75844936       0.90345767 
     -0.14909397      -0.97327728       0.67475963 
     -0.14513195      -0.95985975       0.64762360 
      0.17858587      -0.63009003        1.0299581 
     -0.19489914      -0.96479918       0.67129186 
     0.078660332      -0.75751666       0.87780702 
     0.093523242      -0.73022672       0.90926662 
      0.15463996      -0.69604446       0.97328883 
      0.17137511      -0.64444194       0.98732216 
      0.45379528      -0.40282419        1.2667300 
      0.18440246      -0.66142620       0.97390209 
      0.13629145      -0.69072367       0.94619800 
      0.32860512      -0.51319656        1.1299168 
     -0.16455355       -1.0176756       0.64229761 
     0.038223691      -0.74737822       0.87509884 
     -0.35240141       -1.2319051       0.45573175 
     -0.87081722       -1.7310633     -0.012166148 
     -0.82329573       -1.6797447     -0.017641216 
      0.16393925      -0.70045423       0.96769510 
     0.081924759      -0.75003800       0.90014591 
      0.46653995      -0.33051852        1.3350427 
      0.15100771      -0.65425708       0.97743509 
      0.65650682      -0.19110874        1.4947195 
     -0.29487919       -1.1914660       0.50521001 
   -0.0038342715      -0.90425159       0.93083618 
       6.0000000 -th   shock  
mean    low band   high band

       1.0761352       0.57659533        1.5443910 
     -0.68774551       -1.1520312      -0.20942821 
     -0.75044202       -1.2216396      -0.28376287 
     -0.34427163      -0.78798596       0.13066667 
      0.35493983      -0.10654770       0.78497114 
     -0.79024158       -1.2726312      -0.28450402 
      0.45744019    -0.0054091947       0.90781684 
      0.11140338      -0.33575205       0.55241895 
      0.20464912      -0.31210247       0.69544112 
     -0.32290670      -0.80526592       0.15578749 
      0.58188407       0.12989034        1.0227122 
     -0.60888859       -1.0786118      -0.18285226 
      0.13326597      -0.30859635       0.57666066 
     -0.19252945      -0.62940821       0.27143270 
     -0.53923663      -0.95955066     -0.071085475 
      0.20901553      -0.24718671       0.68615526 
      0.15192165      -0.33527231       0.62874949 
      0.94858239       0.47184640        1.4094060 
     -0.21737387      -0.68071351       0.26530327 
     -0.10991007      -0.56335677       0.35900258 
     -0.51488023      -0.99849818     -0.048753515 
     -0.52065264      -0.97725763     -0.065544467 
      0.55269332      0.052636291       0.99015842 
      0.40211344     -0.048661000       0.85975960 
      0.17566278      -0.26806850       0.60652030 
    -0.063737536      -0.54089029       0.38738571 
      0.94310958       0.48126460        1.3820394 
     -0.10329059      -0.55377712       0.32820641 
      0.35383165     -0.096627827       0.81625545 
     -0.30903367      -0.78428950       0.13472660 
     -0.13250155      -0.58903978       0.31337389 
     -0.21794242      -0.67699591       0.23113158 
      0.67088151       0.20323735        1.1389066 
     -0.42887483      -0.88206285      0.013188797 
      0.18216683      -0.26561246       0.64274657 
     -0.73171458       -1.1863332      -0.30412234 
      0.45834275    -0.0059393028       0.90803646 
      0.37298264     -0.078793035       0.79637346 
     -0.63330860       -1.0526648      -0.16725643 
   -0.0037362193      -0.46010564       0.41571227 
      0.29366301      -0.13755974       0.75733044 
    0.0071874411      -0.41567345       0.46764357 
      0.44952725    -0.0011137049       0.89502726 
      0.22133100      -0.21039690       0.68690285 
     -0.21239124      -0.65552190       0.21823570 
     0.058077612      -0.36063093       0.52375720 
      0.27373274      -0.16502867       0.73437904 
      0.45358351    -0.0095217448       0.88555412 
     -0.33136043      -0.78907993       0.13506738 
      0.39269429     -0.054413245       0.82719222 
     0.027711576      -0.43000145       0.51625351 
     -0.13778780      -0.57003587       0.32762830 
      0.43256354     -0.016986823       0.88159658 
     -0.14170994      -0.56965421       0.34010180 
     -0.13276595      -0.60739459       0.30273802 
      0.33393486      -0.12497665       0.77443121 
     -0.15898299      -0.61208662       0.29582178 
      0.41535345     -0.017563362       0.88663098 
      0.76836969       0.30041502        1.2160563 
     -0.19919524      -0.68049380       0.25569081 
     -0.15640467      -0.59227294       0.29451188 
     -0.60727458       -1.0942867      -0.17419852 
     -0.74837628       -1.2353124      -0.31158884 
     -0.78965369       -1.2825532      -0.32489376 
     -0.85753307       -1.3573157      -0.35879304 
     -0.19607223      -0.66122059       0.26750033 
     -0.22771229      -0.69277895       0.22199915 
    -0.091939875      -0.51492404       0.33805622 
     -0.25764797      -0.68934221       0.17106501 
     -0.17610873      -0.65146499       0.23954427 
      0.32450229      -0.11088437       0.77348429 
      0.41884867     -0.029445247       0.84685330 
     0.092665685      -0.38022014       0.50632493 
     -0.38923536      -0.83039702      0.043119541 
      0.52220770      0.054951329       0.95488434 
    -0.018595047      -0.46306470       0.43305317 
     -0.17395492      -0.61734010       0.26908678 
     0.023328064      -0.40389925       0.51635629 
     -0.52786213       -1.0203784     -0.055348136 
    -0.090821001      -0.53614040       0.35575228 
     0.054178801      -0.38890986       0.52695217 
      0.17719768      -0.26852465       0.64113821 
     -0.51124754      -0.95879521     -0.060849631 
     -0.58348961       -1.0340337      -0.14245667 
     -0.60949190       -1.0564227      -0.17165552 
     -0.14596835      -0.59256002       0.30694307 
    0.0065262022      -0.44061224       0.45122671 
     -0.32374119      -0.78192220       0.12168572 
     -0.24693033      -0.70367020       0.17921180 
     -0.10473813      -0.56296476       0.34460478 
     0.051014093      -0.39374333       0.54315777 
     -0.29592177      -0.77034982       0.19192812 
     -0.80303325       -1.3739941      -0.23770638 
      -2.1322165       -2.6644546       -1.5154173 
       1.1879900       0.63676095        1.7647960 
       1.5960588        1.0552035        2.1193540 
       1.1457706       0.63126192        1.6602255 
      0.69445334       0.16963152        1.1698913 
       1.4866112       0.99630317        1.9582849 
      0.43476618     -0.055437477       0.93490100 
      0.29509068      -0.22551262       0.79772965 
    0.0036577613       -1.0439723        1.0616262 
       7.0000000 -th   shock  
mean    low band   high band

      0.59930627      -0.44378129        1.7371467 
     -0.54212849       -1.6121800       0.53674676 
     -0.40209769       -1.4124310       0.66995490 
      -1.5660047       -2.6009451      -0.53687585 
     -0.32679477       -1.4381766       0.67215929 
      0.26706207      -0.78143686        1.2845571 
      -1.5543239       -2.5642483      -0.50498547 
     -0.52164579       -1.4918490       0.54211490 
    -0.021711336       -1.0351152        1.0361234 
      -2.0064645       -3.0246611      -0.90455507 
      0.46328231      -0.54858144        1.4677191 
     -0.73998777       -1.7711651       0.25805254 
     -0.61870134       -1.6207741       0.40822088 
      0.13194636       -1.0255542        1.1062576 
      0.19499810      -0.83337467        1.2232729 
     -0.13622992       -1.2237391       0.88817119 
       2.2622437        1.1456011        3.2608620 
      0.18126075      -0.86387130        1.2251130 
      -1.1853933       -2.1698286      -0.10885903 
      0.43058073      -0.53967233        1.4647834 
       2.3219053        1.3043223        3.3374260 
       1.3188454       0.27013452        2.3658849 
    -0.056169521       -1.0978097       0.99204632 
     -0.14962657       -1.1651424       0.90153975 
      0.13285975      -0.88295400        1.1691378 
     -0.55198794       -1.6394742       0.44280861 
    -0.031536595       -1.0571449        1.0321585 
      -1.0329136       -2.0626970     -0.029860826 
      -1.0568917       -2.0255256     -0.022975876 
     -0.10879541       -1.1824854       0.88018305 
     -0.77345148       -1.7662648       0.24967370 
      -1.5428603       -2.5465004      -0.54177670 
      0.54817947      -0.46335181        1.5632829 
      -1.0205254       -2.0685048     -0.018139758 
      -1.0953779       -2.0821012     -0.026839584 
    -0.030862825      -0.98969377       0.98751256 
     -0.47642822       -1.4858996       0.58544954 
      0.59378107      -0.45144435        1.5759052 
     -0.89828921       -1.8836178       0.16012954 
      0.42173499      -0.59077894        1.4615903 
     -0.70600065       -1.7352046       0.29328679 
      0.35893843      -0.69973747        1.3619797 
      0.30226612      -0.68551420        1.4246644 
      0.50039513      -0.51538893        1.5383688 
     -0.38241035       -1.3934024       0.65051368 
   -0.0050951021      -0.98073874        1.0429231 
      0.29640564      -0.79021161        1.2949985 
      -1.1051819       -2.0976576      -0.10303998 
      0.27950979      -0.75139621        1.2721370 
     -0.22878567       -1.1839973       0.85321230 
      -1.5783335       -2.6410237      -0.60324759 
     0.060297967       -1.0079821        1.0234989 
      -1.5015069       -2.4971172      -0.47073667 
      0.22019802      -0.81100058        1.2299442 
     -0.40080900       -1.4027080       0.65699997 
     -0.24326101       -1.3172466       0.70299208 
      -1.1612332       -2.1881416      -0.13854058 
       1.3172668       0.23968037        2.3374899 
     -0.73994450       -1.7314806       0.32811923 
      0.29602970      -0.72027842        1.3569764 
      0.82637286      -0.22879673        1.7929319 
       1.1897806       0.16327939        2.2336437 
     -0.20074497       -1.2168077       0.85398097 
       2.2173026        1.1307959        3.1791939 
      0.81856754      -0.25053421        1.9078821 
     -0.11270567       -1.1615341       0.90949700 
      0.60202312      -0.43314548        1.5864073 
      0.85801836      -0.20622895        1.8195452 
     -0.29536649       -1.3524310       0.69556430 
      0.69124982      -0.37271032        1.6820360 
      0.59177326      -0.44721263        1.6287697 
      -2.3061540       -3.3970935       -1.3295512 
     -0.24378031       -1.2277367       0.80876973 
      -1.2096529       -2.1994400      -0.15151665 
      0.31658960      -0.80812160        1.2908948 
     -0.69467321       -1.6792261       0.38839542 
     -0.74982906       -1.7946319       0.21949704 
     -0.25111172       -1.2280351       0.81030171 
     -0.67336628       -1.6609689       0.34393953 
      0.36687179      -0.60845507        1.4104470 
      0.26126227      -0.78738450        1.2691357 
     -0.41643793       -1.4945605       0.59141408 
      0.83804848      -0.18913413        1.9023587 
   -0.0029994011       -1.0440613       0.97964881 
       1.0856658     -0.051131895        2.0677212 
     -0.21263471       -1.2542370       0.75815058 
      0.16638689      -0.82398049        1.2369407 
       1.1029813       0.10262828        2.1799668 
       1.4008635       0.36483372        2.4268398 
       1.8490295       0.79420269        2.8654856 
       1.3101199       0.26878481        2.3149662 
       2.2501149        1.2333521        3.3019994 
       6.2606816        5.1509577        7.4014053 
       2.8153224        1.6850763        3.9190040 
       2.9717557        1.9295297        3.9994075 
     -0.80283983       -1.8390104       0.26194381 
      0.17458772      -0.87414978        1.1963243 
     -0.33949704       -1.3829457       0.74776160 
      -1.2537105       -2.2730574      -0.22941960 
   -0.0017691273       -1.0094539        1.0095067 
     -0.58659746       -1.6644280       0.44653193 
   -0.0076859603       -2.2170578        2.0833130 
       8.0000000 -th   shock  
mean    low band   high band

     0.072570247    -0.0019781902       0.15001259 
     -0.17390303      -0.25883706     -0.091889798 
    -0.081502292      -0.15196239    -0.0056589115 
     -0.24303968      -0.31393963      -0.16711781 
      0.24515666       0.16558827       0.31817872 
     -0.16730881      -0.24512298     -0.091513968 
     0.082743483      0.010808680       0.15962934 
     0.084752413     0.0092782281       0.15307865 
     -0.13779297      -0.21483519     -0.064468401 
     -0.16173386      -0.23472408     -0.083728193 
    0.0035316773     -0.071602969      0.087736385 
     0.051640594     -0.021272004       0.12736149 
      0.16047173      0.082482722       0.24198535 
      0.28116129       0.20677906       0.35824472 
      0.15402667      0.076056601       0.22904048 
      0.20583547       0.11439106       0.29739155 
   -0.0035276333     -0.081081298      0.067732990 
     -0.16886532      -0.25424949     -0.089847555 
    -0.084829168      -0.15611439    -0.0068326119 
     0.070613567    -0.0067747851       0.14628073 
    -0.036606103      -0.12247401      0.048343804 
     -0.18995381      -0.26643830      -0.10168830 
     0.014435319     -0.061443957      0.087812341 
    -0.081816126      -0.16930666   -0.00045079786 
     -0.16409807      -0.24042348     -0.086685417 
    -0.074395954      -0.15686915     0.0065166869 
     0.046643582     -0.027063071       0.12469283 
    -0.029196245      -0.10532007      0.042723762 
    -0.088333453      -0.16918637     -0.017000113 
     0.012359168     -0.059109000      0.088127397 
    -0.025929379      -0.10346181      0.048014836 
     0.069414242    -0.0052632375       0.15122425 
    -0.040673957      -0.11052599      0.037160862 
    0.0091013239     -0.061582545      0.087006570 
      0.13755871      0.060925907       0.21184228 
     0.089518811      0.015664948       0.16701809 
      0.15223873      0.069684730       0.23386885 
     0.054598309     -0.017712745       0.13455764 
     0.067785393    -0.0090510430       0.13716517 
     0.018161720     -0.058493135      0.088321597 
     0.055669695     -0.019848731       0.12836934 
    -0.039850260      -0.11688391      0.040006726 
   -0.0010917242     -0.072492083      0.076207520 
    -0.048695613      -0.12046882      0.024192525 
    -0.043841393      -0.11733172      0.029448414 
    -0.069177659      -0.14670145     0.0065499277 
     0.054242950     -0.019529625       0.12385386 
     0.073095144     0.0064764387       0.15644437 
     0.045498858     -0.025607674       0.12062002 
     0.075821590     0.0029899000       0.15010297 
     0.092392908      0.018643602       0.16730374 
     0.032891369     -0.042074230       0.10907281 
     -0.19172934      -0.26864979      -0.11698757 
     0.094550482      0.014472697       0.16741804 
     0.020281442     -0.050382469      0.097650248 
     0.065712504     -0.011298946       0.13863372 
     0.016496101     -0.055180118      0.098343712 
     0.038781975     -0.034707315       0.11824531 
      0.23011798       0.13786492       0.31869159 
     0.080845398     0.0084867338       0.15705855 
     0.092530099      0.021377766       0.17380491 
     -0.18890701      -0.27614007      -0.10145550 
     -0.16134157      -0.23744300     -0.081353555 
     0.014924100     -0.091384022       0.11866972 
     -0.33206354      -0.42993787      -0.23988977 
     -0.10739286      -0.18707135     -0.027222712 
     -0.10195703      -0.17725725     -0.025654115 
    -0.080794526      -0.15754417     -0.011863695 
     -0.12454303      -0.20092152     -0.053009426 
    -0.014819346     -0.088960226      0.060360304 
     0.041188061     -0.031610687       0.11870537 
    -0.061804427      -0.13601300      0.014591322 
    -0.060244571      -0.14238609     0.0077340926 
     -0.17608482      -0.25052977     -0.092743266 
     -0.17854870      -0.25333888      -0.10327807 
     0.020242312     -0.064838809       0.10190163 
     0.011838479     -0.062565110      0.090724858 
    -0.055419510      -0.13831645      0.023475760 
     0.085540163     0.0071113490       0.16996162 
     0.081693418     0.0049404199       0.15750572 
     0.083870756     0.0089866401       0.15754063 
     0.075878567    0.00085612668       0.15710029 
     0.050598791     -0.030342338       0.11783638 
      0.13412519      0.057700585       0.20657862 
      0.15238965      0.067249352       0.23767396 
     0.046471104     -0.037082001       0.11937985 
      0.11005459      0.032772702       0.18352206 
     0.062476103     -0.012459749       0.13746796 
    -0.041416888      -0.11938793      0.042464086 
     -0.33815867      -0.41347182      -0.25747480 
     -0.24773403      -0.32455208      -0.17210286 
    -0.045081194      -0.12703296      0.031372660 
     -0.12220164      -0.24785132    -0.0027475534 
      0.10667953      0.027346358       0.18964377 
     0.031181188     -0.055138389       0.11964963 
     0.057474702     -0.025944175       0.13747896 
     0.044064759     -0.048764035       0.13031176 
     0.077211860     0.0037670127       0.15939014 
     0.084820582     0.0083887025       0.16493914 
      0.10828942      0.026822477       0.18452751 
      0.19325563       0.10769281       0.28816013 
    0.0031381308      -0.23546825       0.20565967 
