      
      0.53715913       0.26889967       0.81361333 
       1.3838460      0.016708446        2.7763684 
       1.0613117      0.016114729        2.1598261 
      0.98063127      0.013453136        2.0108784 
      0.76261070      0.019037137        1.6033124 
       1.5282208       0.12070700        2.8741083 
      0.82545775      0.014137643        1.6766780 
      0.87448189      0.015666841        1.8290346 
      0.83615962      0.012046573        1.7650827 
      0.83376056      0.013423054        1.8480085 
      0.92046696      0.013152265        1.8212716 
      0.94948371      0.016415552        1.8370027 
      0.88103681      0.013612790        1.8607975 
       1.3230935      0.091449086        2.6121750 
       1.0559534      0.017168930        2.0981882 
       1.0052927      0.017329911        2.1228447 
       1.0645476      0.020061326        2.2103345 
       1.4091942      0.040806570        2.7516098 
      0.82324814      0.014156181        1.7801532 
      0.82007318      0.016606058        1.7265203 
       1.6244153       0.23993089        3.0078226 
       1.6718748       0.17743942        3.2090872 
      0.96704143      0.013631331        1.9940732 
       1.0300312      0.012871969        2.0575471 
      0.87883685      0.013009041        1.8531006 
      0.78696856      0.010507249        1.6860483 
      0.95630520      0.016113757        1.9791652 
      0.89667298      0.014409861        1.8805868 
      0.91351964      0.015572628        1.9295511 
      0.79434581      0.014035897        1.5581501 
      0.92490263      0.015833775        1.8907536 
      0.98109959      0.016607168        1.9487333 
      0.77344600      0.014795080        1.6649811 
      0.82042536      0.015165782        1.6530394 
      0.81961979      0.011109877        1.7819185 
      0.96128136      0.019660127        1.9630703 
      0.87227280      0.014962205        1.8710348 
      0.92016612      0.015227509        1.9111695 
      0.98760373      0.015326892        1.9526350 
      0.85241437      0.015768618        1.6332022 
      0.93437154      0.013101377        1.9302826 
      0.83201708      0.013984262        1.7064222 
       1.4720593       0.10404949        2.8400504 
      0.71928788      0.015711418        1.5337229 
      0.87892488      0.013802898        1.8356025 
      0.71389008      0.011821317        1.6053693 
       1.1773300      0.032732061        2.2589741 
       1.3950426       0.14228059        2.7589195 
       1.0186792      0.016327660        1.9628328 
       1.3378309       0.13765275        2.6737402 
       1.1265591      0.021060290        2.2531731 
      0.74938472      0.012284925        1.6674060 
       1.0217699      0.019607207        2.0484675 
       1.3474465       0.11948055        2.5636325 
      0.84536726      0.011987319        1.7439765 
      0.92297403      0.014871442        1.8360351 
       1.0051748      0.017039781        2.0942844 
       1.1245644      0.016881384        2.1001148 
       1.4859380       0.13551471        2.8751223 
      0.86276261      0.014428275        1.6809349 
      0.79274421      0.018002830        1.6921255 
       1.4607307      0.091218372        2.8362749 
       1.0865838      0.015791849        1.9145116 
      0.78262803      0.014538922        1.7589257 
       1.0746261      0.015247068        2.1511368 
      0.87097181      0.014197501        1.8789718 
      0.81321993      0.014485158        1.7386319 
      0.78686293      0.015375552        1.6673248 
      0.92746781      0.019590615        1.9672606 
       1.1369476      0.016863668        2.3294045 
      0.81861833      0.015995818        1.7625571 
      0.94721895      0.015497304        1.9088326 
      0.82685997      0.011786627        1.7704189 
       1.4299938      0.053323244        2.5812598 
      0.82778244      0.011050792        1.7898146 
      0.90273155      0.011907517        1.7231342 
       1.0167541      0.015436772        1.9170681 
       1.1163842      0.020041933        2.2979911 
      0.85602460      0.013223782        1.8107794 
       1.6415167       0.17105361        2.9806221 
      0.93292087      0.016652166        1.9453904 
      0.89660671      0.017984070        1.9096482 
       1.2492938      0.045075675        2.4895880 
       1.0375648      0.011895960        1.9886449 
      0.80327495      0.018063608        1.7221552 
       1.5919912       0.11451376        2.7316856 
      0.84252125      0.016293321        1.7561738 
      0.96744195      0.012353989        2.0385592 
      0.93417694      0.012473112        2.0356132 
      0.93091622      0.017287698        1.8727617 
       1.3773087       0.14695003        2.7013210 
       1.6466819       0.19526927        3.2385765 
      0.95837737      0.012561688        1.9652568 
       1.8241269       0.23514111        3.4905357 
       1.3319507      0.035303674        2.6269832 
       1.6603046       0.17273980        3.1661882 
       1.3894199       0.12139038        2.7594058 
      0.71821051      0.016303474        1.5575331 
       1.2565091      0.014323475        2.2708414 
      0.73571248      0.017926024        1.4317839 
       1.5629111      0.028213880        2.8092217 
      0.37408937      0.020760039       0.78496944 
     

      0.63878941       0.39935505       0.87340023 
       1.9438273      0.093907141        3.6355947 
       1.5838585      0.029374711        2.8722125 
      0.98087613      0.015901751        1.8991508 
      0.93124017      0.014760443        1.7538606 
       2.1791853       0.26058832        3.8903324 
       1.4394810      0.015371934        2.7258356 
       1.3794064      0.024314519        2.6750612 
       1.9042270       0.11488231        3.6273274 
      0.92511645      0.010718655        1.7909744 
       1.5450885      0.021717209        2.9346911 
       1.3354534      0.018227585        2.5873305 
       1.4127576      0.020616023        2.7323513 
       1.7185382      0.024338247        3.2953300 
       1.1903430      0.020207038        2.3872442 
       1.6062673      0.030952860        3.0799242 
       1.0801950      0.013963501        2.2798868 
      0.88891000      0.016648820        1.8136105 
      0.99549311      0.012668186        2.0426938 
      0.94093671      0.016664265        1.8643938 
       1.8768201      0.062857412        3.3732684 
      0.93514192      0.014114419        1.6102261 
       1.3775674      0.016318060        2.6304093 
       1.1814698      0.013669551        2.3847031 
       1.8250356      0.035510718        3.1735784 
      0.99346486      0.013018720        1.9460385 
       1.7074087      0.019213524        3.1516216 
      0.85882211      0.013378142        1.7068813 
       1.0079279      0.018254567        2.1622126 
       1.0792310      0.017288565        2.1483175 
       1.2534532      0.016267140        2.4216676 
      0.87896748      0.015109758        1.7567096 
      0.89624623      0.015747513        1.8968436 
       1.1367042      0.015361388        2.1646142 
       1.6207044      0.014518581        2.6509337 
      0.99078632      0.016648484        2.0872307 
       1.4855775      0.023959312        2.9189707 
      0.95356124      0.014861535        1.9757181 
      0.91539814      0.017310944        1.7947420 
      0.82700295      0.015270870        1.7043013 
      0.97839390      0.016322109        2.0283517 
      0.82572413      0.014179087        1.5996532 
       1.5019118      0.017119951        2.7819155 
      0.97312780      0.012541485        2.0241867 
       1.1113060      0.015275951        2.1724787 
      0.83656279      0.016279902        1.7063877 
      0.98770956      0.014613167        2.0959302 
      0.97253844      0.013561818        1.8291596 
      0.83917461      0.011021039        1.7949657 
      0.88658986      0.013039105        1.8118152 
      0.82304605      0.014611946        1.7059291 
      0.92553894      0.013977826        1.9305993 
       1.3923137      0.020554171        2.4062990 
      0.79789142      0.014918872        1.6704159 
       1.0815924      0.012593601        2.2479399 
       1.2118624      0.016192794        2.4242502 
       1.0212736      0.014850079        2.1435979 
      0.82562819      0.011828708        1.7741613 
       1.4274908      0.015955320        2.8576303 
       1.7798207      0.035906939        3.5505491 
      0.86509046      0.011135174        1.8920337 
       1.1266059      0.014078938        2.2537718 
       1.0209519      0.018121532        1.9633404 
       1.1134149      0.013238946        2.2012021 
       2.0394716       0.11492478        3.7778021 
       1.0985839      0.017928001        2.1888771 
      0.99861904      0.015182730        1.9403888 
       1.1426108      0.010642523        2.2483602 
      0.94410584      0.016113975        1.8381889 
       1.7069968       0.13776668        3.2459615 
       1.2331074      0.018276300        2.2936480 
       1.1876034      0.014090584        2.2999677 
       1.6119082      0.027780605        3.1444912 
      0.94886301      0.011769327        1.8278155 
       1.1117205      0.013532142        2.2111184 
      0.90012780      0.016568200        1.6396933 
      0.86391665      0.015114225        1.7716261 
      0.83402689      0.019176904        1.7315672 
       1.1767713      0.014037744        2.3972107 
      0.81373219      0.017235660        1.6411918 
       1.1656892      0.020447474        2.2943718 
       1.2156216      0.017717307        2.2066678 
       1.2392006      0.016688206        2.4918585 
      0.83653662      0.014531678        1.7104181 
       1.4273346      0.015754339        2.7259543 
       1.0581543      0.010880055        2.1666630 
       1.0311757      0.016126851        2.0883184 
      0.85634805      0.016070109        1.8401508 
      0.78908396      0.015365205        1.7134966 
       1.5776344      0.025102831        2.8850283 
       1.8104515      0.058231983        3.2521004 
       2.8569124       0.50522312        4.9376221 
       1.6352331      0.017313310        2.7289125 
       2.1596937      0.030582367        3.9125732 
       1.1581833      0.012839095        2.3345339 
       1.1490001      0.018919073        2.2533193 
       1.4408821      0.012686151        2.8897665 
       1.1329257      0.014482590        2.2317075 
      0.90455121      0.013635868        1.7562863 
       1.2762102      0.016056918        2.3995692 
       2.1274889      0.042003308        3.7736508 
      0.59171724      0.020646119        1.2344884 
     
      0.38577845       0.12653893       0.76148531 
      0.90706707      0.012567735        1.9491721 
      0.58868223      0.013422022        1.2836739 
      0.76031486      0.013388592        1.5925116 
      0.60365623      0.015406754        1.3084215 
      0.68781724      0.012879095        1.4328279 
      0.57376084      0.015384502        1.2740421 
      0.78103181      0.013495975        1.5913589 
      0.60800923      0.012332309        1.3059066 
      0.81788665      0.031733715        1.7509356 
      0.57210047      0.017603049        1.2816096 
      0.71631178      0.011082411        1.4615905 
      0.63230287      0.013021322        1.3216934 
      0.61558612      0.014271628        1.3551086 
      0.63942733     0.0095354367        1.3798677 
      0.64642921      0.015636875        1.2707030 
       1.1324767       0.14457126        2.1393601 
      0.69604952      0.014908991        1.3906372 
      0.68188805      0.013197400        1.4306219 
      0.84383939      0.022443430        1.6021365 
      0.78423727      0.014047709        1.6497279 
      0.83889168      0.022421965        1.7444821 
      0.78438127      0.026159913        1.5776384 
      0.85986368      0.020088910        1.6370739 
      0.62358995      0.012443364        1.2843448 
      0.79815980      0.018664466        1.6265199 
      0.74432811      0.013660984        1.5338654 
      0.72664859      0.010210491        1.5043455 
      0.66772539      0.015002320        1.3313538 
      0.65438163      0.012559939        1.4091526 
      0.62331223      0.012350596        1.3246981 
      0.70481095      0.017551371        1.4923883 
      0.59785436      0.014289531        1.3682549 
      0.67804612      0.013999419        1.4022318 
      0.66826604      0.017057429        1.3921980 
      0.76075001      0.014184933        1.6229977 
      0.65148087      0.011416551        1.3434545 
      0.68805087      0.010330213        1.4691790 
      0.74236463      0.013029488        1.5778837 
      0.57367088      0.012041000        1.2380509 
      0.65347686      0.013201239        1.4006786 
      0.64823220      0.017547268        1.3609755 
      0.88414360      0.012086850        1.4649637 
      0.64107295      0.010858639        1.3179460 
      0.61286172      0.012804720        1.3428451 
      0.60408791      0.012868466        1.3112548 
      0.69762248      0.016536604        1.5289235 
      0.60073134      0.012483338        1.2760263 
      0.62344709      0.012173364        1.3935994 
      0.62688766      0.013554361        1.3699442 
      0.65162317      0.014869433        1.3206446 
      0.65050650     0.0095729241        1.3599609 
      0.60926859      0.013177503        1.3502861 
      0.89600315      0.016913133        1.7050345 
      0.72570206      0.014537575        1.5422397 
      0.60341664      0.015535965        1.2474370 
      0.65281597      0.014016903        1.2877814 
      0.56586121      0.012552913        1.1907101 
      0.80846630      0.016044345        1.5885022 
      0.61149987      0.012877947        1.2506108 
      0.66680810      0.011872485        1.3926456 
      0.63717159      0.016127576        1.3485193 
      0.81016655      0.016159688        1.7354895 
      0.75727773      0.016123762        1.5568375 
       1.0729130      0.057753807        2.0648404 
      0.65750621      0.012484623        1.3857670 
      0.72860139      0.015038257        1.4604844 
      0.70758960      0.015455058        1.4578009 
      0.60770798      0.016523605        1.3548116 
      0.67516017      0.012217999        1.3202865 
      0.64839269      0.014992538        1.4022400 
      0.70383111      0.015386347        1.4515073 
      0.66377950      0.013929098        1.3869830 
      0.78211433      0.023903810        1.5900632 
      0.93143318      0.087895006        1.9936399 
      0.71924251      0.010420127        1.5170481 
      0.63867129      0.010740787        1.3779147 
      0.60916323      0.012642032        1.2899313 
      0.87555967      0.028417423        1.7629611 
      0.63525791      0.012727440        1.3537536 
      0.68322721      0.013638943        1.5048053 
      0.72377215      0.015725606        1.5435956 
      0.74373246      0.013501936        1.4623421 
      0.61227509      0.013237757        1.3874835 
      0.63999581      0.011989439        1.3435145 
      0.64077378      0.015267745        1.4185297 
      0.84528877      0.018924442        1.6155221 
      0.65412083      0.011172047        1.3712198 
      0.63550810      0.015077856        1.2933405 
      0.61999195      0.016049319        1.3435408 
      0.71529658      0.016028059        1.4694363 
      0.61992567      0.012322573        1.3400793 
      0.72033403      0.011273909        1.5190872 
       1.1966770       0.14097262        2.3744298 
       1.2329048       0.15652697        2.3542391 
       1.0095542       0.12264293        2.0150587 
      0.66719498      0.017424450        1.4397379 
      0.66594334      0.014472320        1.4171250 
      0.65924558      0.012864645        1.3276458 
      0.67463405      0.013048918        1.4145849 
      0.96546990      0.012182753        1.8770192 
      0.22182990      0.020979597       0.45445074 
     

      0.79697385       0.38328698        1.1218298 
       2.2329998      0.015080027        4.1949320 
       1.3634363      0.014527579        2.7008689 
       1.2773110      0.019001108        2.3294314 
       1.5247341      0.014809595        3.0898135 
       2.0972717      0.017287266        4.0337767 
       1.9779165      0.018689736        3.8583422 
       1.5496744      0.016733361        3.1654736 
       2.3911582      0.031039103        3.9695809 
       1.2084918      0.015158974        2.4335560 
       1.1545275      0.019065252        2.3453486 
       1.2912577      0.015330096        2.6804716 
       1.5138163      0.015650649        3.0153146 
       1.5963130      0.020505975        3.2722669 
       1.1963442      0.013958333        2.5957977 
       1.4294156      0.015205135        2.8580816 
       2.3709742       0.28917608        4.4649664 
       1.1061572      0.014288150        2.2289334 
       1.2504091      0.014436176        2.3327289 
       1.2194967      0.018507413        2.4237985 
       1.1835737      0.015058124        2.4191186 
       1.9960132      0.033267185        3.7759048 
       1.4534871      0.012672892        2.8035655 
       1.5452690      0.019786083        3.0848195 
       1.3762652      0.015412323        2.8004470 
       1.1082442      0.016062628        2.3174089 
       2.5047632      0.099465960        4.5550779 
       1.5891858      0.017478888        3.2274248 
       1.6209960      0.012923857        3.2028241 
       1.9460463      0.016190548        3.7367583 
       1.7136500      0.016839499        3.2438852 
       1.7951697      0.017392003        3.4204369 
       1.3770587      0.012647199        2.7075352 
       1.2403160      0.016854437        2.4105139 
       1.4175511      0.015288869        2.7714379 
       1.1071132      0.017359521        2.1225378 
       1.7181256      0.017774991        3.3008739 
       1.0771152      0.017168162        2.1290146 
       1.1784431      0.018528575        2.3246871 
       1.2217854      0.012918222        2.5243700 
       1.3582855      0.014377417        2.6584903 
       1.2843675      0.014138144        2.3697566 
       1.0529294      0.018980694        2.2455066 
       1.2783491      0.016034445        2.5637516 
       1.4017259      0.014616876        2.7568009 
       1.1169180      0.012093869        2.3000976 
       1.0027673      0.013960636        2.1684443 
       1.1560630      0.013482583        2.4032275 
       1.2325686      0.018009411        2.5525634 
       1.0318600      0.012253555        2.1794984 
       1.1371128      0.015655161        2.3009442 
       1.1018438      0.013288035        2.2899758 
       1.1247201      0.016057988        2.2277699 
       1.1205533      0.017750487        2.2772883 
       1.2582425      0.017615085        2.6050744 
       1.8169594      0.011741180        3.4588240 
       1.4350030      0.018030434        2.7869614 
       1.0826935      0.017711895        2.2421258 
       1.8306346      0.025491738        3.4421119 
       1.0620278      0.011822672        2.1644048 
       1.1058888      0.013371164        2.3429257 
       1.4183681      0.016143632        2.9983045 
       1.0915212      0.015324559        2.2215458 
       1.0816823     0.0097164016        2.2410553 
       1.1258279      0.014805716        2.3847284 
       1.1768656      0.015696977        2.2581652 
       1.1103852      0.014421463        2.1986074 
       1.1983081      0.020077414        2.3918526 
       1.3814583      0.016452739        2.7314935 
       1.1927507      0.017321349        2.4387781 
       1.6741976      0.015980817        3.2750913 
       1.3992333      0.016514271        2.7211861 
       1.0259326      0.019297743        2.2207453 
       1.1751203      0.016490180        2.4864220 
       1.1311642      0.012324495        2.2999382 
       1.3254998      0.017603464        2.7158121 
       1.2418965      0.017674884        2.6250305 
       1.4098894      0.015764664        2.2949877 
       1.6254467      0.023236208        3.2568974 
       1.4024114      0.014304238        2.8065097 
       1.6776964      0.019891300        2.7544024 
       1.0841222      0.016413095        2.3511643 
       1.6152218      0.020040490        3.2155797 
       1.0844749      0.012729105        2.2564627 
       1.3048008      0.014107413        2.5305000 
       1.0917066      0.010399304        2.2918326 
       1.6260936      0.016387504        3.0374477 
       1.5263246      0.015297750        3.0182530 
       1.4987409      0.016166263        2.9814912 
       1.5817817      0.014882991        3.1659236 
       2.2650279      0.023057319        4.2666479 
       2.4283020      0.030665091        4.7439561 
       4.0135994       0.73314213        7.3523610 
       2.4799390      0.032934770        4.5339490 
       2.3131784      0.028493258        4.5862551 
       3.2370537       0.39952164        5.8351747 
       2.2237116      0.020028650        4.4851066 
       3.2012591       0.48452748        5.9939661 
       2.1548320      0.025445825        3.9965751 
       1.3097668      0.018308802        2.7448245 
       1.6099143      0.027742090        3.2558834 
      0.72656265      0.024197344        1.5216622 
       

      0.52500621       0.32136946       0.71263323 
       1.0695582      0.016638070        2.1123183 
       1.0626946      0.018164185        2.1541593 
       1.1140398      0.018811247        2.2168545 
       1.0675355      0.011538795        2.1142366 
       1.2719520      0.015370289        2.4604703 
      0.94321568      0.017323864        1.9316824 
       1.0123694      0.016773971        2.0357057 
       1.7771516      0.021163898        3.4329695 
       1.1661300      0.015692644        2.4161446 
      0.91351360      0.015744848        1.9602463 
      0.90380117      0.013470026        1.8318081 
      0.89994819      0.014894621        1.8241385 
      0.98315044      0.014077914        2.0193306 
      0.89950200      0.015186573        1.7734911 
       1.3462541      0.012904954        2.6354409 
      0.87691684      0.019413368        1.8639624 
       1.0375647      0.014333580        2.2285023 
       1.1792925      0.011881997        2.2965305 
      0.88973803      0.011833243        1.8710778 
      0.86124870      0.016642948        1.8134295 
       1.1045354      0.016276330        2.2237177 
      0.89868666      0.013992369        1.8741397 
       1.0337167      0.014133675        2.1619599 
      0.92685050      0.011977771        1.8647111 
       1.0749616      0.014929086        2.0565984 
       1.0261221      0.012974316        2.0996791 
      0.93094606      0.011749853        1.9416940 
       1.0470712      0.013345245        2.1206044 
      0.87376958      0.014963506        1.7482037 
      0.88741918      0.012084053        1.8323890 
       1.0650934      0.016717037        2.1312060 
      0.90405232      0.012070709        1.9052380 
      0.83600222      0.012567336        1.7875314 
      0.93628310      0.014843421        1.8116203 
      0.92098917      0.010878307        1.8264489 
       1.0095919      0.012425260        2.0481359 
      0.91920525      0.013264886        1.8767692 
      0.93453665      0.015106919        1.9554822 
      0.92109985      0.014989315        1.7694503 
       1.1439307      0.016853767        2.2031804 
       1.0684387      0.018590104        2.1410520 
      0.93934854      0.015553533        1.9486994 
      0.82873455      0.013086234        1.7177564 
      0.89909683      0.014416699        1.7743366 
       1.0540484      0.015946994        1.9442903 
       1.0283424      0.012785854        2.0375744 
      0.90514508      0.013685330        1.8173682 
       1.4642124      0.018770205        2.8652211 
      0.90200396      0.013000944        1.8806279 
       1.0761434      0.012642292        2.1088634 
      0.85804056      0.014526765        1.8176180 
      0.85134072      0.011346135        1.7320816 
      0.85660700      0.012346848        1.8090446 
      0.88512092      0.017191214        1.8809988 
      0.91295865      0.017336302        1.8191700 
       1.1675102      0.016315472        2.2402051 
      0.92564728      0.017969260        1.8869821 
       1.0197475      0.015872228        2.1995371 
      0.86857130      0.017324810        1.7691474 
      0.84872892      0.014868047        1.7016357 
      0.91399671      0.018798155        1.8839942 
      0.92960279      0.012885075        1.9373328 
       1.0956715      0.014431881        2.2628186 
       1.4236768      0.019966314        2.8077842 
      0.92692599      0.013887961        1.8298582 
       1.0950018      0.015001702        2.2649955 
       1.0059124      0.019085111        2.1095512 
      0.94159804      0.014303904        1.8907407 
       1.1471303      0.017477535        2.2477993 
      0.93429837      0.017661867        1.9131937 
       1.1149356      0.017928453        2.3156024 
      0.90044287      0.013767225        1.7335156 
      0.87972527      0.010464387        1.9039406 
      0.89964055      0.015546071        1.7915023 
       1.0328906      0.016206135        1.9814973 
      0.89693827      0.011143129        1.7397380 
      0.87874897      0.013510184        1.7870264 
      0.87878661      0.012981153        1.8547015 
      0.90455479      0.016863751        1.8287456 
      0.99959895      0.013975166        1.8317315 
      0.91292327      0.016768799        1.8733133 
      0.84462530      0.015566945        1.7275252 
      0.89216033      0.016078254        1.7680447 
      0.87162311      0.017051167        1.8161771 
      0.92748378      0.014887595        1.8009944 
       1.0410809      0.012734115        2.1324048 
      0.95406061      0.016809572        1.8880208 
      0.89336128      0.012992542        1.7826800 
      0.95404652      0.017771812        1.9532987 
      0.99352776      0.020569979        1.8075130 
      0.87806352      0.016320408        1.8201747 
      0.98812505      0.013779783        2.0370625 
       1.4295154      0.011116870        2.8463744 
       1.4651780      0.018320880        2.7538390 
      0.95209598      0.015762520        1.8986874 
      0.90291880      0.015362821        1.8415833 
       1.0331906      0.013145735        2.1703886 
      0.91088686      0.011639079        1.8482709 
       1.2670194      0.019895729        2.5381787 
      0.93339034      0.014188688        2.0075253 
      0.46430472      0.022450843       0.95473881 
      

      0.57253197       0.35030951       0.77127119 
       1.9272313      0.022250739        3.9280044 
       1.6129113      0.025873248        3.1223900 
       1.0876934      0.016188896        2.1415172 
       1.0713770      0.015888309        2.0831788 
       1.8078165      0.029428769        3.4543625 
       1.3314923      0.014808627        2.4974472 
      0.86390936      0.013938923        1.7591162 
      0.94609574      0.014901618        1.9588493 
       1.0371253      0.016624168        2.1674634 
       1.4143284      0.020558780        2.7569726 
       1.4525111      0.019923333        2.7766556 
      0.87964188      0.011977848        1.7963043 
      0.93247374      0.011278261        1.8633678 
       1.2571516      0.022129278        2.4533360 
      0.93841367      0.015883998        1.8638612 
      0.98958698      0.013817631        1.9224301 
       2.0713687       0.14820005        3.7513596 
      0.95417077      0.013822716        1.9898729 
      0.86549450      0.013099872        1.7153869 
       1.2399428      0.018188291        2.4968586 
       1.3157519      0.014232826        2.6481576 
       1.4012043      0.018531374        2.5943485 
       1.2545524      0.016103078        2.5476272 
      0.90922907      0.014897401        1.8612278 
      0.79328723      0.011751212        1.6488791 
       1.9230229       0.10487571        3.7532990 
      0.84544755      0.015737136        1.7180921 
       1.0390431      0.013686348        2.1570529 
       1.0342418      0.015047606        2.1499347 
      0.81677083      0.010870849        1.7124189 
      0.84920974      0.015897771        1.7461668 
       1.5064767      0.018021038        2.9520235 
       1.2340573      0.014626028        2.4242063 
      0.87956051      0.011390241        1.8937464 
       1.5751001      0.022345515        3.1475450 
       1.3606754      0.015713619        2.5030552 
       1.2687506      0.016298796        2.4581652 
       1.4231750      0.021083439        2.6329893 
      0.76605328      0.013116258        1.5320859 
      0.99700009      0.014203895        2.0405582 
      0.86236032      0.014900000        1.7659886 
       1.1788353      0.010802669        2.4835089 
       1.0405478      0.012667309        1.9166463 
      0.91595062      0.014375750        1.8224879 
      0.80302547     0.0099323770        1.5870996 
       1.0328100      0.014494019        1.8686708 
       1.2940918      0.017890757        2.4229240 
       1.0719826      0.012532640        2.1777137 
       1.1699696      0.013310828        2.2793637 
      0.84844047      0.014624127        1.7442638 
      0.83890046      0.012844100        1.6850483 
       1.1362674      0.014466298        2.1673400 
      0.97946890      0.012247600        1.8866703 
      0.86594783      0.013284278        1.6845820 
       1.0899905      0.015246256        2.1853991 
      0.89420363      0.015565376        1.7933457 
       1.1041880      0.013894078        2.2851657 
       1.8166425      0.050228596        3.4453304 
      0.91365303      0.016002352        1.9088723 
      0.94716230      0.014265031        1.8478780 
       1.4984249      0.017801812        2.7770548 
       1.7297377      0.020283544        3.4031522 
       1.7548855      0.070324668        3.4198391 
       1.8063425      0.048227027        3.2648751 
      0.89259423      0.015950024        1.7870337 
      0.86511737      0.012356891        1.8637519 
      0.82960991      0.016017945        1.5634860 
      0.94913601      0.015165024        1.8504262 
      0.82637721      0.013553296        1.7704004 
       1.0464680      0.014960849        2.0886603 
       1.1369011      0.015186358        2.3202666 
      0.79639860      0.014994740        1.7157069 
       1.0886319      0.016212296        2.1830702 
       1.3954884      0.015769619        2.5490661 
      0.84678786      0.013606356        1.7779344 
      0.81295400      0.013211306        1.7610407 
      0.79976856      0.011442206        1.5993819 
       1.2160591      0.015313739        2.3962949 
      0.78785132      0.014028557        1.5707501 
      0.82946759      0.013941210        1.6788854 
      0.83242709      0.015492948        1.7372901 
       1.2957963      0.018530935        2.4604426 
       1.5630238      0.017839620        2.6178329 
       1.3663053      0.020916356        2.6690303 
      0.78449513      0.010874588        1.6847869 
      0.85432398      0.012902211        1.6505198 
      0.99378869      0.016425395        1.9788880 
      0.90123243      0.014583965        1.8279056 
      0.81537916      0.013077477        1.6568215 
      0.89602974      0.011047179        1.7720264 
       1.0677500      0.017880909        2.0869923 
       1.8751688      0.027712647        3.5077032 
       3.7018509       0.60078825        7.0794963 
       2.8556548       0.18043101        5.1630471 
       3.5535467       0.38247822        6.0229555 
       2.6407836       0.20052895        4.9483904 
       1.8060074      0.018434247        3.5342440 
       2.9133941       0.39415868        5.4444129 
       1.3706697      0.011796105        2.6938698 
       1.1069435      0.013706645        2.1847128 
      0.53159589      0.019512586        1.1269155 
      

      0.81927362       0.49069070        1.1224745 
       1.4992867      0.014208941        3.1267810 
       1.0705899      0.018949568        2.2605296 
       2.1366552      0.031755951        4.0150569 
       1.0906441      0.015586247        2.2434602 
       1.0776478      0.015354784        2.1047338 
       2.1410966      0.053333551        3.9258620 
       1.1782672      0.020679522        2.4528478 
      0.97098787      0.013307389        2.0085453 
       2.5719610       0.23995512        4.7400737 
       1.1056561      0.018896108        2.2025192 
       1.4045445      0.014567716        2.8031562 
       1.2982892      0.020951342        2.5418420 
       1.0635805      0.016696537        2.1613292 
       1.1557969      0.013313560        2.3632577 
       1.0143916      0.012220184        2.0715572 
       2.8628302       0.31733117        5.2048216 
       1.0307282      0.014672458        2.0598113 
       1.8240600      0.021229555        3.4082612 
       1.1022241      0.015620637        2.1720035 
       2.8161991       0.35929785        4.9144092 
       1.9306151      0.020670974        3.7025582 
       1.0220020      0.016379050        2.1667843 
       1.1327448      0.014076442        2.2005098 
       1.0597956      0.016993414        2.1309604 
       1.2161187      0.016177827        2.5119930 
       1.0946567      0.017268128        2.0891552 
       1.5782392      0.018813213        3.1274017 
       1.5888873      0.014861309        3.0824547 
      0.95979961      0.018137675        2.0489951 
       1.3852784      0.014585127        2.8094776 
       1.9831764      0.050086404        3.6754706 
       1.1784284      0.017159656        2.3555123 
       1.6380206      0.015503426        3.3113407 
       1.7146637     0.0091155869        3.2530661 
      0.99331885      0.013363354        2.0392002 
       1.3337144      0.018838782        2.4702007 
       1.1913943      0.017162620        2.3696275 
       1.6027583      0.020894383        2.9889020 
       1.0967895      0.010892888        2.3145510 
       1.4073187      0.015588665        2.8403313 
       1.0832938      0.013499142        2.2922403 
       1.1481869      0.017635634        2.2886235 
       1.1941038      0.013194635        2.3789982 
       1.1110275      0.017778547        2.3066362 
       1.0386892      0.011423519        2.1794190 
      0.98920737      0.016317048        2.0573332 
       1.6595212      0.018309550        3.3793802 
       1.0338098      0.014303071        2.1827531 
       1.0661869      0.011464429        2.1733050 
       2.1681518      0.031410973        4.0919642 
      0.91151386      0.016663570        1.8988616 
       2.0790001      0.033709332        3.9981362 
       1.0198367      0.015387269        2.0448079 
       1.2382902      0.013271535        2.5363010 
      0.99590051      0.014887710        2.1261584 
       1.6670703      0.020293720        3.1507969 
       1.8311978      0.030100442        3.4508858 
       1.4644527      0.016996918        2.8619859 
       1.0787168      0.018348212        2.2681454 
       1.4790848      0.016027555        2.8135266 
       1.8412541      0.015973400        3.5757686 
       1.0282222      0.013541381        2.0741853 
       2.6853839       0.41346467        4.9927809 
       1.5463624      0.018698813        2.8371428 
       1.0619784      0.016305179        2.1610866 
       1.2099202      0.016456105        2.5447528 
       1.4872565      0.013917998        2.9171222 
       1.1590100      0.013035200        2.2830101 
       1.3242144      0.012737539        2.6906609 
       1.2685250      0.016296161        2.4199750 
       2.8705271       0.41224310        5.1626074 
      0.99357415      0.017409536        2.0721376 
       1.8024187      0.027007634        3.4357848 
       1.0900371      0.012539189        2.1545759 
       1.3509572      0.017730432        2.6904509 
       1.3949739      0.013372879        2.7643599 
       1.0314476      0.015420451        2.0890572 
       1.3811119      0.017356457        2.6000711 
       1.0872130      0.015590635        2.2024876 
       1.1356885      0.013261923        2.2400521 
       1.1075983      0.013202466        2.2479053 
       1.4996713      0.017848337        2.9602863 
      0.98888037      0.015892526        2.0592117 
       1.7357678      0.018426467        3.3222368 
       1.1739931      0.016818750        2.1770946 
       1.0188789      0.015747176        2.1225420 
       1.6414130      0.016630678        3.1752570 
       1.9694903      0.019420766        3.6454814 
       2.3841277       0.20913456        4.2725711 
       1.8304925      0.021651322        3.4214932 
       2.7024877       0.39495161        4.9268559 
       6.1610620        1.3887101        10.631574 
       3.0969356       0.47992345        5.8851298 
       3.4765871       0.63064099        6.3782805 
       1.3688530      0.016757848        2.7618400 
       1.1385165      0.014224209        2.2988473 
       1.0709428      0.019468496        2.2213449 
       1.9722707      0.032065135        3.4555367 
      0.97505344      0.020088488        1.9981232 
       1.3256041      0.014265219        2.7071319 
       1.0193377      0.023593469        2.1180998 
     

      0.16032297       0.11702286       0.19869796 
      0.64005981      0.040142743        1.2936667 
      0.38957536      0.017848628       0.76400314 
      0.58859848      0.073086936        1.0115543 
      0.55755809      0.076290230        1.0530259 
      0.46691246      0.040876435       0.83411004 
      0.29460082      0.014825387       0.54702128 
      0.29898293      0.017258177       0.56217773 
      0.35550834      0.030416429       0.71248896 
      0.36032410      0.033553269       0.63623697 
      0.20207947      0.012073914       0.34851310 
      0.21311850      0.012555880       0.42390411 
      0.41529116      0.023574368       0.77287306 
      0.69946748      0.074977355        1.2085520 
      0.51727485      0.033326706       0.97826208 
      0.49381365      0.043185309       0.96051208 
      0.26178693     0.0099776082       0.54736160 
      0.38428792      0.031245820       0.66779448 
      0.25250811      0.016076202       0.47667062 
      0.21577490      0.015231559       0.39952681 
      0.26857094      0.012433160       0.46108881 
      0.35698905      0.039897558       0.63743461 
      0.19536544      0.012089390       0.36014704 
      0.27121709      0.015499430       0.51644131 
      0.36005928      0.032150081       0.62791434 
      0.21936226      0.014257521       0.41979670 
      0.17130931      0.011841439       0.33392367 
      0.18358619      0.013977497       0.35229664 
      0.24113336      0.014813513       0.42151128 
      0.15439229      0.011619085       0.28291497 
      0.15794525      0.012081961       0.30853860 
      0.18654683      0.014653202       0.36640956 
      0.18834676      0.013250056       0.36124611 
      0.19101795      0.011830244       0.36216711 
      0.33302614      0.023867334       0.59778874 
      0.31267559      0.013273174       0.64455213 
      0.36064838      0.023671122       0.71418913 
      0.24428046      0.014168376       0.49622734 
      0.23729873      0.013349032       0.42712510 
      0.17790355      0.012967978       0.34041349 
      0.18261953      0.012977917       0.36472715 
      0.17528326      0.011059866       0.35267268 
      0.15252357      0.011498601       0.27899170 
      0.18609822      0.011523675       0.34472345 
      0.18636967      0.013579744       0.35879486 
      0.19719531      0.013418723       0.37457395 
      0.18344789      0.013935484       0.35292519 
      0.22968086      0.014449022       0.44439092 
      0.19991894      0.011589881       0.39082074 
      0.22633072      0.015156653       0.44411921 
      0.26479902      0.013836650       0.49428122 
      0.25177782      0.014192884       0.48212122 
      0.41283855      0.049876976       0.75006100 
      0.26552047      0.015269584       0.49152233 
      0.18080587      0.011548779       0.35977424 
      0.20897981      0.013204258       0.39632691 
      0.18905050      0.012324599       0.37586827 
      0.21116275      0.010825287       0.40914563 
      0.44941356      0.052752068       0.83400631 
      0.33728529      0.016083633       0.67015459 
      0.33148183      0.019609852       0.65274551 
      0.45032913      0.047395559       0.83232347 
      0.38893191      0.035528904       0.71667043 
      0.28049740      0.013269949       0.57968539 
      0.62237770      0.084385327        1.0610020 
      0.35726355      0.016319322       0.66993793 
      0.31039100      0.015425956       0.52795982 
      0.26885954      0.015572028       0.50321927 
      0.27729971      0.015669996       0.49279672 
      0.16633053      0.011864227       0.30559379 
      0.15999223      0.014699906       0.30490788 
      0.22104598      0.013733611       0.41545283 
      0.23045825      0.012280328       0.46156710 
      0.40480414      0.039482539       0.72832921 
      0.42452648      0.040379459       0.66299576 
      0.18118836      0.010839824       0.35780697 
      0.20908054      0.012463256       0.34074287 
      0.19741477      0.010346962       0.39597826 
      0.23106797      0.016242873       0.43406208 
      0.25696285      0.017189572       0.50784605 
      0.26285638      0.013616210       0.54027838 
      0.25917302      0.012567067       0.48719299 
      0.22157032      0.012641179       0.46299775 
      0.38100964      0.028501972       0.64495338 
      0.39263693      0.031604130       0.73436544 
      0.27344693      0.013736869       0.50524804 
      0.29185362      0.015625856       0.57199525 
      0.24210198      0.014429869       0.48538294 
      0.28349861      0.014926985       0.58453961 
      0.66859478       0.10922868        1.1635318 
      0.58938861      0.074400457       0.99292485 
      0.27666857      0.012611851       0.47550882 
      0.31132373      0.017122655       0.58376138 
      0.25698556      0.020437304       0.50452041 
      0.21408144      0.011698812       0.40295166 
      0.20883382      0.013434243       0.40589455 
      0.22624381      0.012733212       0.41424744 
      0.23066758      0.013954283       0.44815106 
      0.28215531      0.011440193       0.54533718 
      0.33620284      0.013504227       0.64752731 
      0.40424626      0.039541411       0.80765945 
      0.12568655      0.020161425       0.25113723 
