MODEL       m1
PRIOR       0
MH-Run      3_SV
Subsample          1.0000000 
Coverage          0.90000000 
Dataset     2
burnin             5000.0000 
Draws              5001.0000 
=============================================
 
Parameter | Mean  |   SE   |  StdD | CI(LOW) | CI(HIGH)|  CD  | inefficiency factor
KAPPA      0.2827   0.0087   0.0590   0.1874   0.3772   1.9335 116.9676 
H          0.3484   0.0102   0.0537   0.2647   0.4392  -0.1932 213.8152 
SIGMA_C    1.5002   0.0042   0.0209   1.4686   1.5368   0.4780 228.3397 
SIGMA_L    0.4157   0.0081   0.0376   0.3537   0.4814   3.9517 272.0536 
PHI        0.0195   0.0001   0.0021   0.0161   0.0228  -2.2980  20.3046 
IOTA_P     0.5154   0.0020   0.0199   0.4823   0.5473  -0.6770  69.7146 
IOTA_W     0.4694   0.0006   0.0026   0.4649   0.4733   9.7662 257.0944 
THETA_P    0.8559   0.0024   0.0280   0.8122   0.9013  -2.2042  42.2098 
THETA_W    0.3965   0.0110   0.0838   0.2657   0.5395  -3.9390  98.6218 
RHO_R      0.6105   0.0068   0.0747   0.4944   0.7271   0.2294  45.9246 
MU_PI      2.9711   0.0012   0.0093   2.9552   2.9856  -1.2498  91.1337 
MU_Y       0.0240   0.0005   0.0096   0.0085   0.0389  -0.2142  14.7108 
RHO_A      0.9768   0.0006   0.0098   0.9613   0.9924   1.4054  21.0388 
RHO_C      0.8349   0.0070   0.0448   0.7637   0.9043  -1.0162 136.6415 
RHO_K      0.4794   0.0048   0.0291   0.4311   0.5261  -3.9260 180.7286 
RHO_E      0.0802   0.0021   0.0314   0.0294   0.1308   0.9762  23.4946 
RHO_F      0.1104   0.0033   0.0348   0.0534   0.1692  -0.4126  51.5932 
RHO_G      0.6966   0.0061   0.0268   0.6578   0.7354  -8.7235 369.3663 
RHO_L      0.9369   0.0052   0.0361   0.8824   0.9917   2.3143 132.1642 
E_A        0.4809   0.0014   0.0426   0.4085   0.5451  -0.3475   6.2122 
E_C        1.1896   0.0195   0.0833   1.0584   1.3008 -19.0023 334.4822 
E_E        0.5873   0.0053   0.0438   0.5135   0.6540   2.0082  80.9200 
E_F        0.7677   0.0106   0.0472   0.6959   0.8491   8.0148 295.1615 
E_G        0.7555   0.0078   0.0328   0.7081   0.8008 -15.2679 361.3928 
E_K        0.5448   0.0044   0.0435   0.4731   0.6173   4.6773  55.6975 
E_L        1.2405   0.0067   0.0349   1.1832   1.2944   3.0238 236.6632 
E_R        0.1044   0.0005   0.0096   0.0881   0.1195   1.0182  17.0913 
S1_SIG     2.9918   0.1999   0.8684   1.6422   4.5683  -0.9640 277.9387 
S1_RHO     0.0358   0.0252   0.3203  -0.4470   0.6075  -0.6238  35.5805 
S1_PHI     0.2569   0.0901   0.5028  -0.4776   0.9881  -3.5817 181.0909 
S1_MU     -3.2148   0.6080   2.6280  -7.4191   0.1539   4.7403 361.6918 
S2_SIG     3.2459   0.2190   1.0163   1.7133   4.8994   0.5487 245.8821 
S2_RHO     0.0858   0.0345   0.3268  -0.4809   0.6041  -1.5597  61.3727 
S2_PHI     0.3158   0.1029   0.5252  -0.4536   0.9891  -4.3347 219.6709 
S2_MU      1.3382   0.9668   4.3022  -3.7001   8.5079  -4.1264 376.6371 
S3_SIG     4.0096   0.2971   1.3394   1.8711   5.9442  -2.3050 265.0880 
S3_RHO     0.0666   0.0453   0.3677  -0.5562   0.6433   1.4017  81.1706 
S3_PHI     0.2899   0.0812   0.5214  -0.5378   0.9895  -3.1669 134.9135 
S3_MU     -1.8249   0.7799   3.7173  -7.3657   3.7536   2.8390 375.9274 
S4_SIG     2.6679   0.1094   0.6477   1.6229   3.7386  -3.7207 153.0097 
S4_RHO    -0.0316   0.0368   0.3457  -0.5946   0.5251  -0.7036  62.5249 
S4_PHI     0.2270   0.0718   0.4458  -0.3981   0.9751   6.8781 150.1752 
S4_MU     -1.2806   0.4522   1.8092  -3.5734   2.4628  -1.9081 316.1928 
S5_SIG     2.5023   0.1009   0.6987   1.4636   3.5856  -1.1012 129.1696 
S5_RHO     0.0120   0.0349   0.3237  -0.5248   0.5656   0.6167  61.9674 
S5_PHI    -0.0516   0.0536   0.4379  -0.7706   0.6824   0.0046  84.1671 
S5_MU     -2.3220   0.1503   0.8447  -3.6527  -0.8582   0.7974 191.5154 
S6_SIG     3.0214   0.1615   0.9296   1.2511   4.2109   2.2630 184.8031 
S6_RHO     0.0646   0.0391   0.3602  -0.4881   0.6918   0.7489  69.1996 
S6_PHI     0.0150   0.0787   0.5008  -0.8170   0.7852   1.1496 144.1105 
S6_MU     -1.0986   0.4003   1.8937  -4.2640   1.7914  -2.2621 334.2892 
S7_SIG     3.5512   0.1665   0.8838   2.0865   4.9002  -0.0384 195.6662 
S7_RHO    -0.0005   0.0382   0.3745  -0.5784   0.6198   1.0835  56.4464 
S7_PHI     0.0179   0.0607   0.4693  -0.8160   0.7650  -5.5271 101.7562 
S7_MU     -0.8285   0.3127   1.3628  -2.9737   1.3334  -7.6419 312.7450 
S8_SIG     3.4029   0.2222   1.0217   1.4325   4.9217  -0.1448 250.3766 
S8_RHO     0.0519   0.0279   0.3878  -0.5301   0.7204  -0.8200  29.5740 
S8_PHI     0.0108   0.0552   0.4750  -0.7504   0.8296   0.5644  75.8331 
S8_MU     -0.9940   0.1842   1.0297  -2.5716   0.7545  -1.3933 229.4388 
STD_1      0.2914   0.0027   0.0446   0.2212   0.3653   2.0349  20.4712 
STD_2      0.6842   0.0009   0.0513   0.6053   0.7719   0.5505   1.7170 
STD_3      0.3523   0.0010   0.0442   0.2780   0.4209  -0.2927   2.9907 
STD_4      0.0100   0.0000   0.0000   0.0100   0.0100  -2.7996 375.0748 
STD_5      0.7038   0.0011   0.0515   0.6221   0.7904   0.0395   2.6719 
STD_6      0.3199   0.0006   0.0330   0.2670   0.3739   2.1669   1.9360 
STD_7      0.2254   0.0003   0.0161   0.1996   0.2517   1.1355   1.5601 
STD_8      2.5981   0.0045   0.2110   2.2515   2.9292  -2.3537   2.5135 
STD_9      0.7389   0.0035   0.1571   0.4703   0.9876   1.5438   2.8589 
STD_10     0.3198   0.0010   0.0564   0.2292   0.4062   0.7162   1.6003 
STD_11     0.4642   0.0009   0.0419   0.3933   0.5284  -2.9235   2.5304 
RHO_1      0.6232   0.0159   0.2339   0.2658   0.9538   2.5549  25.7047 
RHO_2      0.8943   0.0013   0.0456   0.8252   0.9741  -0.2371   4.3295 
RHO_3     -0.1016   0.0012   0.0890  -0.2436   0.0482  -3.3947   1.0254 
RHO_4      0.0000   0.0000   0.0000   0.0000   0.0000        .        . 
RHO_5     -0.0363   0.0020   0.1061  -0.2122   0.1340   1.7437   1.9601 
RHO_6      0.7994   0.0029   0.1251   0.6298   0.9763  -1.9966   2.9342 
RHO_7      0.9446   0.0004   0.0291   0.9015   0.9951  -2.3806   0.9260 
RHO_8      0.3658   0.0026   0.1264   0.1604   0.5732  -0.8333   2.3261 
RHO_9      0.9504   0.0006   0.0356   0.9054   1.0000   3.8404   1.7407 
RHO_10     0.0184   0.0004   0.0376  -0.0416   0.0811   4.1924   0.6339 
RHO_11     0.9602   0.0004   0.0260   0.9246   0.9998   1.7150   1.1767 
