       1.0000000 -th   shock  
mean    low band   high band

     0.012994642      -0.53526812       0.50836457 
     0.097802829      -0.35873410       0.58264469 
     -0.32117189      -0.78973715       0.13282016 
     0.074811256      -0.37741651       0.53120164 
     -0.37037494      -0.83968022      0.053765562 
     -0.85346158       -1.3142262      -0.38500734 
     0.027412589      -0.44137674       0.44977999 
    0.0027624694      -0.45315435       0.44851573 
     -0.45028271      -0.91385007    -0.0015406396 
      0.19797592      -0.28139598       0.62414794 
     -0.39260491      -0.80341668      0.080480879 
    -0.076574254      -0.51378242       0.37591246 
  -0.00099146086      -0.45871870       0.42716232 
     -0.62241641       -1.0418210      -0.15755450 
    -0.033380153      -0.45635123       0.42035604 
      0.24374300      -0.22341717       0.68733640 
     -0.30554717      -0.74827988       0.14231960 
     -0.80739312       -1.2619641      -0.35949721 
    -0.097358672      -0.54470485       0.35860749 
     -0.34395313      -0.80551781      0.076398457 
     -0.97733025       -1.4271292      -0.50673212 
     -0.26539412      -0.71699069       0.17313081 
     -0.21143097      -0.66253128       0.23829477 
     -0.32117368      -0.74628214       0.15233442 
     -0.22440493      -0.66443477       0.22088558 
      0.14337044      -0.28399842       0.59231740 
      0.12790970      -0.32248430       0.58672612 
      0.43847619     -0.021805378       0.87917310 
      0.24102393      -0.20204710       0.70565915 
     -0.16553974      -0.62690847       0.27833981 
     -0.31080904      -0.78018754       0.13075758 
     0.052705160      -0.38388121       0.54239529 
   -0.0068716348      -0.49452519       0.42941814 
    -0.049208876      -0.49715051       0.39775472 
    -0.049772908      -0.50162652       0.40487321 
     -0.29156984      -0.74869835       0.14024663 
     -0.18052136      -0.58766881       0.32003815 
      0.10258918      -0.35123179       0.54131260 
      0.42851560     -0.021014664       0.87510755 
    -0.066254459      -0.49833020       0.38291937 
      0.41903840     -0.036717672       0.84446637 
     -0.17990072      -0.59462382       0.30035527 
    -0.046215325      -0.52391420       0.37324337 
     -0.31347883      -0.75143498       0.13636968 
    -0.084549842      -0.51954695       0.38258765 
     -0.26298010      -0.73011623       0.16299950 
      0.35432012      -0.10158634       0.80905652 
      0.40533760     -0.056805358       0.85149982 
      0.18867115      -0.23042829       0.65938662 
      0.78528631       0.36105223        1.2736277 
      0.76712707       0.32296269        1.2166348 
      0.37112461     -0.081939260       0.80980027 
      0.35117742     -0.096269963       0.78621677 
      0.72369376       0.24452557        1.1699346 
      0.14697534      -0.30409812       0.59412874 
      0.27570359      -0.16662611       0.73065876 
      0.49912261      0.079869106       0.98567916 
     -0.48444643      -0.95196319     -0.021320495 
      0.65676505       0.23672873        1.1379312 
      0.41985532     -0.024529421       0.86562131 
      0.24061095      -0.19273842       0.67701287 
     -0.39649940      -0.83938726      0.063622763 
      0.25317838      -0.20232291       0.67718140 
    -0.075330151      -0.51783114       0.37230220 
      0.22649044      -0.22754185       0.67131904 
     -0.11832153      -0.58999554       0.31731308 
     -0.27245398      -0.70334218       0.16881141 
    -0.064127906      -0.50033626       0.39266165 
      0.15717918      -0.28925359       0.58429326 
     -0.27320007      -0.73012534       0.15847333 
      0.45620019    -0.0062433252       0.88997891 
      0.69828722       0.25505807        1.1630143 
    0.0065226972      -0.42498734       0.49232791 
    -0.019433239      -0.48743726       0.44185763 
      0.28976933      -0.18147281       0.74316566 
      0.38614554     -0.076886574       0.82088115 
      0.14303016      -0.29991999       0.60687054 
      0.15999402      -0.32224262       0.59008480 
     -0.23229895      -0.68795135       0.21883900 
     -0.41873871      -0.87085730      0.052102694 
     -0.14343785      -0.60289379       0.31904955 
     -0.23870555      -0.66633804       0.21686776 
     -0.62938351       -1.1047379      -0.18449744 
     -0.29280788      -0.72323635       0.16392653 
     -0.82307923       -1.2439438      -0.34117918 
     -0.40342165      -0.86101819      0.025086523 
     -0.14147218      -0.59305154       0.30126078 
     -0.23421698      -0.67548628       0.21864544 
     -0.32618294      -0.78116308       0.10098888 
     -0.63160123       -1.0595249      -0.14977677 
     -0.44891139      -0.88306856     0.0037127873 
     -0.44942449      -0.89729214     0.0011024512 
     -0.55507462       -1.0152285     -0.092407859 
     -0.42542773      -0.90470396      0.035070069 
     -0.54890834       -1.0110862     -0.082564500 
      0.32165479      -0.10857366       0.82912139 
     -0.21227091      -0.68448351       0.21325804 
     -0.61315362       -1.0638318      -0.16860040 
   -0.0031525804      -0.45997448       0.44320770 
     -0.15415369      -0.60737499       0.28931992 
      0.31071239      -0.16266822       0.77791677 
   -0.0019869109      -0.79665817       0.81642218 
       2.0000000 -th   shock  
mean    low band   high band

      -1.6271407       -3.0069888      -0.21948480 
      -1.9732605       -3.2766445      -0.54311644 
     -0.67489116       -2.0915384       0.59300322 
      0.38125265      -0.96716745        1.7485507 
     -0.12955801       -1.4520708        1.1957054 
      -1.2197901       -2.6161842       0.18616676 
       1.5432867       0.17206046        2.9145141 
      0.85008942      -0.51630191        2.1579327 
     -0.16164347       -1.5035587        1.1729403 
       1.1393759      -0.24685903        2.5211658 
       1.5496497      0.060268150        2.8325181 
       1.1723160      -0.16332585        2.5034824 
       1.0574863      -0.25532083        2.4471992 
      0.68517667      -0.69369083        1.9817047 
     -0.79481038       -2.0802470       0.69026444 
      0.69482724      -0.65738460        2.0599060 
     -0.24865917       -1.5724174        1.1085893 
      0.74202023      -0.59482918        2.0442643 
       1.1402101      -0.18720551        2.5567283 
    -0.099404246       -1.5452043        1.2296510 
      -1.6991693       -3.0578391      -0.32354094 
     -0.91338455       -2.2141835       0.53963379 
      0.84383746      -0.55626573        2.1791222 
     -0.78174775       -2.1310286       0.58459504 
     -0.81062385       -2.0880626       0.59543921 
    -0.054102867       -1.4046856        1.2867330 
      -1.1736005       -2.4922969       0.23562323 
     0.065454339       -1.2214172        1.5057199 
      0.22953266       -1.1123205        1.5099003 
     -0.89272511       -2.1991567       0.45740054 
     -0.29779515       -1.6556280        1.0724718 
      0.30902412       -1.1019814        1.6690615 
    -0.047078245       -1.4678370        1.2487796 
       1.1392468      -0.15769072        2.5083432 
       1.2629645     -0.059982569        2.6017196 
      0.37503959      -0.99200296        1.6762520 
       1.1881766      -0.16517867        2.5477933 
     -0.29158269       -1.6344647       0.99964029 
     -0.11104269       -1.5100876        1.2067383 
     -0.42865755       -1.7393515       0.89558411 
     -0.40954355       -1.8058798       0.91968681 
     -0.19297164       -1.4723538        1.2213373 
      0.38315684      -0.98581872        1.6926621 
     -0.76587088       -2.1059822       0.55553768 
     -0.53465041       -1.8467625       0.82365831 
      0.17752713       -1.0799175        1.6056245 
     -0.39582598       -1.7411285       0.92492638 
      0.57426865      -0.91423120        1.7829560 
     0.072172070       -1.2776007        1.3764844 
      0.13021951       -1.1749364        1.4142269 
      0.39597708      -0.84420451        1.8159763 
     -0.37249034       -1.6768690       0.99642349 
      0.13071439       -1.2188520        1.5717608 
      0.20709799       -1.2000715        1.4689559 
      0.83055350      -0.52695720        2.2199942 
       1.1817656      -0.23892664        2.5283937 
       1.3049590      0.015170689        2.7132682 
      0.31667516      -0.98605771        1.7426247 
       1.1404905      -0.23869929        2.5524330 
     0.068258448       -1.3361022        1.4370235 
     -0.89547162       -2.3071899       0.38841207 
      -1.5488555       -2.9128860      -0.19309237 
     -0.77723758       -2.1287640       0.64581385 
      -1.7918387       -3.1446822      -0.41311273 
      0.16858910       -1.1144209        1.5751625 
    0.0058230118       -1.3543759        1.3404959 
     0.025005853       -1.3026388        1.3409465 
     -0.67475929       -2.0039914       0.61774777 
      0.12561703       -1.2312750        1.4244762 
     -0.92856811       -2.2817923       0.42952193 
     -0.83662526       -2.1678228       0.57968753 
       1.4115847      0.035482519        2.7686591 
     -0.52032133       -1.8438139       0.87134086 
    0.0025020838       -1.3161659        1.3514778 
     0.023311481       -1.3759771        1.4281722 
      0.46419601      -0.84834665        1.8240514 
      0.28514558      -0.97046851        1.6593958 
    -0.036173857       -1.3903044        1.3145846 
      0.14607125       -1.2746959        1.4652536 
      0.74296686      -0.53524594        2.1378572 
      0.29070470       -1.1172430        1.5618445 
      0.62242841      -0.70431917        1.9914225 
      0.36131245      -0.96367238        1.7062697 
      0.17696030       -1.1901116        1.4982671 
      0.68381011      -0.67617219        1.9560010 
      0.37297392      -0.94059462        1.7633152 
      0.32638511       -1.0030733        1.6809726 
     -0.63045219       -1.9593869       0.78048009 
     -0.80657760       -2.0972905       0.58883829 
     -0.82981697       -2.2887593       0.49763080 
     -0.67607883       -2.0381512       0.76585949 
      -1.4183454       -2.9283155      0.091302758 
      -1.4061361       -3.0814990       0.17960685 
      0.47964577       -1.0114457        1.9154191 
     -0.74289643       -2.2838185       0.79426562 
       1.0598826      -0.33133089        2.3756404 
       1.0979842      -0.23569853        2.4723831 
      0.46966207      -0.97126385        1.7840414 
       1.3305870     -0.078052517        2.6188226 
      0.15759417       -1.2991517        1.4478407 
       1.1803117      -0.20711111        2.6711350 
    -0.014733208       -2.1103789        1.7997157 
       3.0000000 -th   shock  
mean    low band   high band

     -0.27367318      -0.78335252       0.18443506 
      0.18209951      -0.22140936       0.60392816 
     0.068646388      -0.34973182       0.49082024 
     -0.47746428      -0.91037472     -0.057464452 
    -0.024704528      -0.41966649       0.42593920 
     0.037536908      -0.39286558       0.44097769 
    -0.071152267      -0.48019513       0.36353787 
     0.094860601      -0.32086212       0.50025028 
     -0.31383119      -0.72452994       0.10488748 
     -0.27673944      -0.67594982       0.16236700 
    -0.048428955      -0.47526632       0.37233105 
     0.011616980      -0.39843939       0.42286021 
     -0.65001925       -1.0747392      -0.25084972 
    -0.012513216      -0.42665588       0.40626734 
     -0.17906338      -0.59305928       0.23368758 
     -0.34801498      -0.77288140      0.068403294 
     -0.34322348      -0.78887127      0.054253981 
     -0.21170103      -0.62181119       0.22952772 
     -0.16517394      -0.61916946       0.22870673 
     -0.22518275      -0.61898144       0.23005180 
      0.12509094      -0.31780780       0.51826430 
    0.0064564142      -0.43039584       0.41058600 
     -0.35230598      -0.77614468      0.065971127 
     -0.77945754       -1.1835790      -0.35324641 
     -0.66688719       -1.0999714      -0.24415669 
      -1.9648741       -2.4163634       -1.5381693 
     -0.49485411      -0.88031565     -0.041857330 
     -0.81532380       -1.2461032      -0.40725800 
     -0.64671391       -1.0684554      -0.22950455 
     -0.65475423       -1.0672009      -0.23162766 
     -0.23735927      -0.65325199       0.18704581 
     -0.29083226      -0.73719263       0.11122898 
    -0.091132916      -0.48244927       0.35012583 
     0.043717596      -0.36560482       0.47543862 
      0.14926443      -0.25495171       0.58209252 
      0.31626885      -0.10506138       0.71614009 
    0.0085279175      -0.39856901       0.44003341 
     0.078124205      -0.34488278       0.48778671 
      0.12267474      -0.27600959       0.55484752 
     0.099200263      -0.31780116       0.50138860 
    -0.060498037      -0.47229314       0.36017053 
    -0.081253397      -0.48327633       0.34071264 
    0.0034695338      -0.41427656       0.41093943 
      0.19182974      -0.22282984       0.59560015 
      0.33614066      -0.10431955       0.73917441 
      0.33174821     -0.072053151       0.74516378 
      0.47813688      0.048862476       0.86571222 
      0.31916418      -0.12407589       0.71709500 
      0.40510943     -0.015773658       0.82832611 
      0.20179907      -0.19909856       0.64204915 
      0.10498421      -0.30024224       0.52795553 
     -0.26296140      -0.69842446       0.13868616 
     -0.40158863      -0.81885314      0.012321985 
     -0.20321194      -0.62310142       0.21673663 
     0.076371424      -0.33794359       0.50478570 
     -0.69890295       -1.1418233      -0.30781598 
      0.11685195      -0.30271999       0.54441790 
     -0.18036921      -0.59070562       0.24253149 
     -0.53271212      -0.96209921      -0.13777992 
     -0.29960119      -0.69465452       0.11290989 
      0.71887647       0.27237399        1.1583504 
     -0.30354769      -0.71578607       0.10566822 
     -0.22497415      -0.64347140       0.17640762 
    -0.085647981      -0.51515677       0.33234425 
     -0.19381685      -0.59963183       0.23933361 
     0.050779284      -0.37379924       0.46325525 
     -0.11438744      -0.52654067       0.31206093 
     0.016533613      -0.40646680       0.43005431 
      0.25081672      -0.16837692       0.66007607 
      0.39222537    -0.0073319856       0.84124961 
      0.38736006     -0.030988168       0.80502562 
      0.20134737      -0.20647266       0.62240132 
      0.64718670       0.21395995        1.0681801 
      0.12038054      -0.29587001       0.52637011 
      0.48163306      0.021776773       0.86893862 
      0.27404112      -0.13315408       0.69211774 
      0.39311938     -0.031371955       0.76239807 
    -0.067706347      -0.51342403       0.35472907 
       1.6608165        1.2116700        2.1110319 
      0.64238475       0.23944050        1.0705444 
      0.56489798       0.18168014        1.0089010 
      0.64371451       0.22034605        1.0612987 
      0.28499716      -0.12286585       0.69987550 
      0.50747261       0.12334062       0.94518705 
      0.67394776       0.25629501        1.0932221 
      0.12530622      -0.30873103       0.51441528 
      0.32942674     -0.091917459       0.73944827 
     -0.23647546      -0.66729856       0.17401194 
     -0.29043959      -0.68380656       0.15123961 
     -0.48124445      -0.89733650     -0.060342265 
     -0.74622380       -1.1501569      -0.29262881 
     -0.23994495      -0.68494092       0.19590011 
      -1.5913069       -2.0430287       -1.1310257 
      -1.3497216       -1.7710400      -0.93073077 
      -1.2929507       -1.7419240      -0.87637342 
     -0.90750612       -1.3349651      -0.47631991 
     -0.87681844       -1.2806699      -0.42972805 
   -0.0030734331      -0.43043210       0.41187492 
      0.15444595      -0.27279158       0.56529918 
     -0.67552869       -1.0888397      -0.25161912 
      0.58904585       0.15943158        1.0312011 
    -0.012623139       -1.0067827       0.90550048 
       4.0000000 -th   shock  
mean    low band   high band

      0.14834649       -1.0826872        1.2846344 
      0.79263433      -0.34930494        2.0087804 
      0.35848349      -0.75046091        1.5002587 
      0.20621310      -0.99052205        1.3240206 
      0.11621479       -1.0022214        1.2995405 
      0.48726893      -0.64808889        1.6522480 
     -0.33200252       -1.4623160       0.82432376 
     -0.24815188       -1.3657767       0.87624358 
     -0.10862730       -1.2293170        1.0179842 
      0.40649293      -0.76587961        1.5662691 
     0.056378873       -1.0967806        1.1919463 
      0.20175873      -0.95493896        1.3332199 
    -0.037063190       -1.0954531        1.1575296 
      0.28990437      -0.89808147        1.3858523 
    -0.061761428       -1.2734785        1.0040938 
     -0.19173260       -1.3048809       0.94949003 
     -0.40923665       -1.5414682       0.75161541 
    -0.061016680       -1.2121584        1.0718854 
     -0.40166839       -1.5288363       0.81989242 
     -0.48857036       -1.6489747       0.66166739 
     -0.25802498       -1.4645503       0.82419728 
     -0.12526716       -1.2022995        1.0243631 
     -0.21870153       -1.3587417       0.93135067 
     -0.12484855       -1.3268208       0.92800835 
    -0.098295332       -1.1630327        1.0883625 
     -0.39482763       -1.5164533       0.74639547 
      0.17518494      -0.96608293        1.3100675 
      0.10885321      -0.99040134        1.2389531 
    -0.053222544       -1.2299387        1.0477861 
    0.0046046966       -1.0563138        1.2358330 
     -0.13078236       -1.3668090       0.94730290 
      0.10213163       -1.0526764        1.1795935 
     -0.29755129       -1.4053447       0.85751133 
     -0.57776685       -1.7405045       0.53785922 
     -0.59598070       -1.7806552       0.58377791 
     -0.44008056       -1.5511253       0.71894877 
     -0.43962820       -1.5408055       0.72854540 
     -0.37137725       -1.5289709       0.80105768 
     -0.28138613       -1.4006508       0.90554930 
     -0.29954996       -1.4733482       0.82646304 
     -0.16123967       -1.3346781       0.94845055 
     -0.39094394       -1.5200638       0.77921688 
     -0.30692839       -1.3910048       0.88332536 
     -0.14828408       -1.2799341       0.96640614 
    -0.030477170       -1.1465279        1.1423562 
     -0.29761141       -1.4632739       0.76231063 
     -0.11462010       -1.2627343        1.0398448 
     0.036556241       -1.1071041        1.1680529 
      0.13030220       -1.0443482        1.2528541 
    -0.021228081       -1.1472319        1.1367913 
      0.19620580      -0.94146517        1.2815655 
      0.20079583      -0.83936992        1.3807309 
      0.21372119      -0.87493072        1.4145413 
      0.19720282      -0.95155732        1.2991422 
      0.16696313       -1.0025882        1.2856789 
     0.094429756       -1.0426625        1.2013839 
      0.29195124      -0.88843376        1.3421691 
      0.28281538      -0.78294494        1.4385669 
     0.070428937       -1.0356519        1.2139950 
      0.13944183      -0.99888991        1.2519380 
      0.42152328      -0.75736751        1.5145475 
      0.18340180      -0.89797422        1.3811388 
      0.28957118      -0.87477983        1.4252730 
      0.18610918       -1.0251587        1.2206860 
      0.13014383       -1.0489538        1.2593534 
      0.18740298      -0.97961167        1.3105675 
      0.17320634      -0.97498234        1.3032422 
    -0.015160155       -1.1379810        1.1426588 
     -0.28513955       -1.4772012       0.83618106 
      0.12636487       -1.0231230        1.2292005 
      0.20230840      -0.97521861        1.2968091 
     -0.37520407       -1.5132378       0.77931719 
    -0.010317916       -1.1823942        1.1154288 
     0.091028416       -1.1347172        1.1218491 
    -0.028033848       -1.1756970        1.0912169 
      0.33225962      -0.74422703        1.5133411 
      0.21728563      -0.90458005        1.3401059 
      0.12595456       -1.0256817        1.2784139 
      0.60733326      -0.54338436        1.7362234 
     -0.10472543       -1.2350678        1.0672064 
    -0.053639493       -1.1514705        1.1063305 
      0.26050650      -0.93594959        1.3104959 
    -0.012608938       -1.0831969        1.1953748 
      0.33686214      -0.76837363        1.4514673 
      0.49703354      -0.70515300        1.6027826 
      0.13959016       -1.0272627        1.2359011 
    -0.039903667       -1.1763178        1.1279415 
    0.0015023178       -1.0982452        1.1566169 
     0.037191775       -1.0792596        1.1408879 
     0.066574990       -1.0615042        1.1901488 
     -0.13362716       -1.3578507       0.92578108 
     -0.14051121       -1.2899425       0.95346425 
     -0.83051635       -2.0667435       0.34980355 
      0.60461859      -0.54293141        1.7589190 
      0.82958556      -0.31268669        2.0308946 
      0.66578340      -0.49728106        1.8228881 
    -0.074259972       -1.2429157        1.1121941 
      0.27783989      -0.80164113        1.3975246 
    -0.063311642       -1.2313101        1.0928890 
     -0.58603644       -1.7483302       0.55313306 
     -0.38556491       -1.5414393       0.76108753 
    0.0013963664       -1.2802253        1.2640160 
       5.0000000 -th   shock  
mean    low band   high band

      0.12069637       -1.0119022        1.1874641 
     -0.16254758       -1.3936984       0.92047236 
     -0.18141708       -1.2639094       0.97156056 
    -0.046081451       -1.1842836        1.0417127 
     -0.18591628       -1.3011168       0.91467290 
      0.49563969      -0.62027080        1.6212673 
      0.13826963      -0.97284979        1.2811526 
     -0.22766335       -1.3143828       0.89213245 
      0.88683133      -0.22038079        2.0134803 
     -0.41012190       -1.5868343       0.64446898 
      0.10302797      -0.96888957        1.2114010 
     -0.23108707       -1.2616371       0.97297065 
     0.051212169       -1.1078170        1.1171203 
      0.26418507      -0.84629102        1.3674051 
     -0.19576654       -1.2512622       0.99661908 
     -0.11690509       -1.1940259        1.0268984 
     -0.25366303       -1.2976210       0.93573378 
     0.086566752       -1.0594825        1.1615911 
      0.59324847      -0.58113557        1.6982472 
     0.033425719       -1.0751054        1.1482502 
    -0.092021324       -1.1712610        1.0462197 
     -0.10953608       -1.1820721        1.0243230 
      0.56567844      -0.48364393        1.7201859 
      0.35724639      -0.77900675        1.4549687 
      0.46304392      -0.60312880        1.6118526 
     0.075418791       -1.0444142        1.1814423 
    -0.015020523       -1.0893326        1.0989081 
     0.037600442       -1.0734593        1.1614357 
     -0.10516288       -1.1310365        1.0578190 
    -0.075295342       -1.1710386        1.0785903 
     -0.12003592       -1.2624180        1.0232566 
     0.089777360       -1.0561120        1.1614500 
     -0.15086308       -1.2300823        1.0282714 
     0.066274692       -1.0346017        1.1404211 
      0.49907547      -0.61716225        1.6333688 
     -0.15819286       -1.3098947       0.91724243 
      0.29010858      -0.83950872        1.4279401 
    -0.015021459       -1.0285927        1.1855579 
     -0.23133655       -1.3349226       0.88010285 
     -0.44091949       -1.5819945       0.65448747 
     -0.29810366       -1.4862117       0.71880303 
     -0.28295488       -1.3847160       0.84247253 
      0.42234712      -0.67813666        1.5753433 
     0.085402173       -1.0897569        1.1422080 
     -0.11918901       -1.1552782        1.0390002 
      0.19464177      -0.91848232        1.3203668 
      0.40279796      -0.72611772        1.5028103 
     0.087410677       -1.0667076        1.1857506 
      0.26851880      -0.87821007        1.3806106 
     0.073320548       -1.0253799        1.2184198 
     -0.26949874       -1.3257657       0.92231356 
    -0.016014922       -1.1695646        1.0349720 
      0.26682417      -0.87449960        1.3746596 
    -0.079915843       -1.2606461       0.95896998 
     -0.23844632       -1.2770287       0.92154601 
      0.26101358      -0.86125599        1.4078936 
      0.62725097      -0.49655381        1.7652908 
     -0.68545208       -1.7538202       0.52520356 
      0.59092008      -0.48482673        1.7977452 
     -0.20768256       -1.3562379       0.89960756 
     -0.16257914       -1.2554670       0.93450172 
     -0.42414187       -1.5743902       0.70317918 
      0.40499007      -0.67496930        1.5545654 
     -0.53750774       -1.6444116       0.57764155 
     -0.15272647       -1.2345000        1.0048757 
      0.49685675      -0.61090081        1.6160157 
      0.44240866      -0.61961398        1.5905672 
      0.18208042      -0.93428815        1.2629089 
      0.38219983      -0.74146849        1.4759355 
     0.065190173       -1.0629900        1.1494372 
     -0.14268210       -1.2655291       0.98747885 
      0.28701797      -0.79335008        1.4447748 
     0.081884992      -0.96843020        1.2622332 
      0.31541792      -0.67019150        1.5245083 
     -0.10283333       -1.1851395        1.0255878 
    -0.052757448       -1.1188306        1.1234855 
     -0.18260528       -1.2558613       0.99708003 
     -0.14564849       -1.2467699       0.98267371 
     -0.53554479       -1.5797337       0.63347952 
    -0.084666216       -1.2065098       0.97737642 
    -0.022614247       -1.1108863        1.0995042 
    -0.069544989       -1.2505700       0.97168841 
    -0.054387555       -1.1188373        1.0853700 
    -0.023496684       -1.1090928        1.1247428 
     0.041506750       -1.1075670        1.1343361 
     -0.10474177       -1.1798058        1.0234048 
      0.27810507      -0.81688762        1.4159065 
      0.12277485      -0.95524834        1.2553086 
    -0.070947304       -1.1819186        1.0842939 
     0.012077597       -1.1286720        1.1305432 
     -0.14611935       -1.1911492       0.99370397 
     -0.26079553       -1.3361365       0.89875924 
     -0.90396244       -2.0168181       0.25855636 
     -0.26935846       -1.3442419       0.91298262 
     -0.24766976       -1.4092450       0.84815131 
      0.30058248      -0.81751133        1.3911107 
      0.48155614      -0.61462207        1.6373570 
      0.41145055      -0.70207049        1.5554054 
      0.43925182      -0.68204476        1.5305130 
      0.62430595      -0.52088548        1.7396774 
     -0.36501787       -1.5363452       0.76116847 
     0.011687331       -1.2391391        1.1948739 
       6.0000000 -th   shock  
mean    low band   high band

      0.52417820      0.067881608       0.96799859 
     -0.58293810       -1.0140294      -0.14776021 
     -0.36538929      -0.79437734      0.051769408 
     -0.13994867      -0.55338068       0.28762880 
     0.086242839      -0.32540746       0.52168345 
     -0.85082962       -1.2936010      -0.36591116 
      0.35914675     -0.073692931       0.80724900 
     0.049611007      -0.37900681       0.47352009 
    -0.037614809      -0.46315562       0.39406238 
     -0.19464644      -0.61559563       0.22780368 
      0.31225293     -0.087361943       0.74555785 
     -0.35775537      -0.79507993      0.057687561 
      0.37909683     -0.060823174       0.77865595 
     0.012815666      -0.41411738       0.41757207 
     -0.15296489      -0.57508934       0.25778558 
      0.56865268       0.13699562       0.99480189 
     -0.45291320      -0.90267246     -0.046504226 
      0.38393948     -0.076164206       0.78313179 
     -0.49529977      -0.93576985     -0.067236700 
     -0.13509836      -0.54287128       0.29830722 
     -0.72121933       -1.1610322      -0.30076550 
     -0.85514262       -1.3116192      -0.43822014 
     0.046190158      -0.37553354       0.48938237 
     -0.18683313      -0.60838895       0.24138787 
     -0.18253063      -0.59558196       0.26632275 
      0.23765249      -0.20658476       0.66107452 
      0.75923254       0.34449563        1.1888838 
      0.13204302      -0.29296516       0.54625501 
      0.59777810       0.17923794        1.0264955 
     0.036700209      -0.39332860       0.44731776 
      0.34074523     -0.067026560       0.75284905 
      0.32865785     -0.073867390       0.76586006 
      0.65462771       0.21666634        1.0791148 
    -0.047688474      -0.46935003       0.37250374 
      0.39662748     -0.017627734       0.82957143 
     -0.34840123      -0.78153800      0.086745294 
      0.49304342      0.096335592       0.92182640 
      0.20241816      -0.22647668       0.62902805 
     -0.51903578      -0.92339175     -0.087568964 
    -0.058573508      -0.49126217       0.35952701 
      0.21430514      -0.19288008       0.63404604 
     0.061514892      -0.36491549       0.48398807 
      0.48403307      0.070185198       0.90998487 
      0.15141055      -0.25377823       0.57208605 
     -0.16094841      -0.57672464       0.26844786 
    -0.017962264      -0.42246246       0.41553946 
      0.19123211      -0.21725074       0.61654966 
      0.34643626     -0.065245913       0.79475246 
     -0.54851032      -0.97471123     -0.086974834 
      0.25480267      -0.17486958       0.70994672 
      0.19310698      -0.24235895       0.61983965 
    -0.067279428      -0.48698316       0.37633567 
      0.61288717       0.19445133        1.0555380 
      0.22616235      -0.18421334       0.65469843 
      0.36009596     -0.059742526       0.76785330 
      0.75413155       0.32208154        1.1803570 
      0.18998152      -0.23386553       0.61366946 
      0.66206193       0.22337423        1.1171869 
       1.1970240       0.80355542        1.6511604 
      0.35838670     -0.062767666       0.80728192 
      0.12141633      -0.28618305       0.55708608 
      0.12441524      -0.28313996       0.57197455 
      0.35349991     -0.084837590       0.75589249 
      0.16438040      -0.22192829       0.64772684 
     -0.20071360      -0.59879038       0.23612937 
      0.40993463    -0.0096747000       0.84648045 
      0.25809416      -0.15798771       0.68198049 
     0.079696056      -0.35828338       0.48856406 
      0.17597330      -0.23769361       0.59410096 
    -0.080271787      -0.52166919       0.33096451 
      0.31325230      -0.11840843       0.72449543 
      0.63497380       0.18972718        1.0547252 
     0.028165388      -0.39482309       0.45141261 
     -0.31689573      -0.77484736      0.086592289 
      0.57455499       0.13789687        1.0225181 
      0.23716738      -0.17728992       0.65606741 
    -0.039145795      -0.47532080       0.35379223 
      0.17560908      -0.25631343       0.59247204 
     -0.22104020      -0.66705175       0.21297224 
    -0.072363892      -0.49288295       0.35850047 
    -0.059827218      -0.48121938       0.36301718 
      0.20554252      -0.27484696       0.60751462 
     -0.51542642      -0.92834619     -0.091788275 
     -0.53479789      -0.96428794      -0.11680311 
     -0.51733716      -0.96274917     -0.099607041 
     -0.31602445      -0.76642357      0.089656098 
    -0.012270567      -0.42950091       0.41885359 
     -0.32522610      -0.74880610      0.082016123 
     -0.25806182      -0.69084898       0.14761041 
    -0.078020604      -0.49884777       0.33227038 
      0.11481478      -0.29903670       0.57300118 
     -0.43656852      -0.87512957    -0.0017934838 
     -0.70271508       -1.2128405      -0.17934181 
      -1.6278921       -2.1869440       -1.0753094 
      0.52193710      0.058637331        1.0058309 
      0.61674890       0.15578664        1.0498641 
      0.27573893      -0.17361492       0.70834525 
     -0.14533080      -0.60457650       0.29561820 
      0.64707149       0.21716886        1.1034410 
     -0.59201639       -1.0666196      -0.12078497 
     -0.21348853      -0.64289843       0.26166290 
    -0.012674120      -0.89571735       0.87521221 
       7.0000000 -th   shock  
mean    low band   high band

     0.020415948       -1.6009167        1.7045983 
    -0.063426831       -1.7384155        1.4818166 
     -0.36133466       -2.0069988        1.1268367 
      -1.0407946       -2.5814359       0.53905828 
     -0.13552399       -1.6851521        1.4685403 
     0.056599175       -1.5137947        1.6407980 
     -0.77393597       -2.4545783       0.76261320 
     0.092897694       -1.4913527        1.5975492 
      0.15249642       -1.4893205        1.6732167 
     -0.41552065       -2.0074099        1.1427034 
      0.51395604       -1.0141703        2.1612937 
      0.21565222       -1.4842944        1.6834737 
     -0.48930268       -2.0344421        1.1179636 
     -0.30011904       -1.7840542        1.3059915 
      0.18647108       -1.4301276        1.7705209 
     -0.43650335       -1.9136527        1.2171106 
       1.0275180      -0.52600065        2.6400064 
      0.34871905       -1.3070693        1.9021361 
     -0.55743615       -2.1144247        1.0128602 
      0.43017526       -1.1088552        2.0528798 
      0.79615932      -0.85297558        2.5251216 
      0.38478415       -1.1647589        1.9969499 
      -1.0469556       -2.5907956       0.59843474 
    0.0093809359       -1.5841317        1.4836402 
      0.39085774       -1.1969061        1.8951147 
      0.37127249       -1.2249716        1.8545331 
      0.88587406      -0.67943949        2.5030993 
     -0.28954016       -1.8895731        1.2036183 
     -0.34661169       -1.9561228        1.2256040 
     -0.36600346       -1.9160955        1.1657524 
     -0.63826121       -2.1022267        1.0124526 
      -1.4567515       -3.0706366       0.10477376 
      0.45852332       -1.1020656        1.9961951 
     -0.26155904       -1.7242289        1.3610449 
     -0.55967656       -2.1302798       0.97878978 
      0.27272491       -1.2943083        1.8458917 
     -0.58396645       -2.2263943       0.93848088 
      0.47875824       -1.0947599        2.1109083 
     -0.42653724       -1.9950719        1.1500409 
      0.27768655       -1.3543409        1.8146580 
     -0.20997750       -1.7639958        1.4028669 
    -0.032669436       -1.6350895        1.4883898 
     -0.99958092       -2.5081121       0.62752844 
     0.026398346       -1.6144589        1.5103615 
     -0.41864451       -1.8474852        1.2374100 
     -0.42112637       -1.9210209        1.1365701 
    -0.010480760       -1.6840294        1.4331978 
     -0.78949873       -2.3260087       0.84282424 
   -0.0094464012       -1.4472716        1.6631576 
      0.40364552       -1.1752297        2.0222234 
     -0.28677422       -1.9415095        1.2122576 
      0.21397276       -1.3172393        1.8693574 
     -0.67160489       -2.3321225       0.89014704 
      0.71345154      -0.91033158        2.2455366 
     -0.32366704       -1.9974743        1.2958824 
     -0.17109587       -1.6459083        1.4820412 
      0.22531992       -1.3651410        1.8080041 
       1.4391175      -0.12062043        3.0749569 
     -0.84168361       -2.4310246       0.75920975 
    -0.021496928       -1.6070252        1.5674840 
    -0.042402677       -1.6441524        1.5349858 
      0.35302599       -1.4299447        1.9326718 
     -0.78297275       -2.3383727       0.84935134 
      0.85049742      -0.72404630        2.5674491 
     -0.58009417       -2.1431896       0.98628593 
      0.15329920       -1.4335828        1.7374032 
     -0.15581650       -1.6864405        1.3547957 
    -0.014402211       -1.5408526        1.5938339 
    -0.085404214       -1.7123866        1.4420009 
      0.76843709      -0.80427276        2.2953957 
      0.35836365       -1.2183261        1.8861050 
     -0.83344105       -2.5930561       0.71434849 
      0.19506472       -1.3878764        1.7613493 
     -0.53711054       -2.0743446        1.0168300 
       1.3675966      -0.12818532        2.9602747 
     -0.14618618       -1.6027295        1.4496132 
     0.042301542       -1.4553349        1.5646724 
      0.15531130       -1.3576477        1.7635544 
     -0.27007531       -1.8794123        1.2600876 
     -0.28521738       -1.9235650        1.2378092 
     -0.41958680       -1.9800170        1.1673998 
     -0.92007408       -2.4916714       0.64300793 
     -0.55799178       -2.1086300        1.0254166 
     -0.99881925       -2.6209393       0.53528867 
     -0.82477059       -2.3253120       0.84306113 
     -0.51740286       -2.1725028        1.0028919 
     -0.59082794       -2.1458013        1.0137076 
      0.16236634       -1.3742267        1.8030045 
      0.94026215      -0.75330086        2.4750472 
       1.4787735     -0.023685712        3.2246175 
       2.0279950       0.44102799        3.6301516 
       3.0736271        1.5252604        4.6949597 
       3.4531365        1.8935474        5.1248733 
       1.0417324      -0.66300237        2.6277177 
       1.5092472      -0.13358597        3.1309504 
      -1.0997361       -2.8501499       0.66838105 
     -0.36426512       -2.1127773        1.2557061 
     -0.21640478       -1.8026161        1.3408676 
     -0.68221619       -2.3178576       0.98077698 
     -0.37081691       -1.9654911        1.2219939 
     -0.33986200       -2.0045508        1.3767324 
   -0.0014862615       -2.0835311        1.9298473 
       8.0000000 -th   shock  
mean    low band   high band

      0.10451041      0.021270963       0.17751245 
    -0.067609861      -0.14647678     0.0088854138 
    -0.049388879      -0.12760125      0.023602680 
     -0.21289165      -0.28944043      -0.14069276 
      0.18721592       0.11106215       0.25390429 
     -0.17012050      -0.23840424     -0.088904668 
     0.061186928     -0.011429576       0.13052125 
     0.060921200    -0.0059360504       0.13706854 
     -0.16664968      -0.24465365     -0.097537762 
     -0.15986489      -0.23020024     -0.084378895 
     0.027526160     -0.046160776       0.10600599 
     0.025671306     -0.049339363      0.099000980 
     0.051071291     -0.026206880       0.12467703 
      0.21580077       0.13799536       0.29534233 
     0.035441215     -0.034859599       0.11215119 
   0.00094258271     -0.075420213      0.068845943 
   -0.0056187031     -0.078093178      0.063832746 
     0.011785949     -0.060869349      0.086536921 
     0.060584812    -0.0069823410       0.14025939 
     0.083627162      0.014385337       0.16020683 
    -0.056720210      -0.12635915      0.020879474 
     -0.11664611      -0.19116710     -0.041090896 
     0.046566455     -0.019977325       0.12256987 
     0.020120771     -0.052781808      0.091614424 
     -0.11847894      -0.19805483     -0.045751544 
    -0.012083442     -0.083384620      0.061117368 
     0.038409336     -0.035530355       0.10627725 
    -0.028190212     -0.098145763      0.047288281 
    -0.030392278      -0.10523479      0.041378808 
     0.061972685     -0.011500592       0.13278883 
    0.0098874715     -0.056234740      0.084959065 
    0.0021138794     -0.072697794      0.069588154 
    -0.085490406      -0.15466552     -0.011269410 
    -0.028090559     -0.097917410      0.044491966 
     0.065157595    -0.0087278865       0.13888976 
    0.0018323267     -0.068784851      0.074607597 
     0.041328583     -0.034082340       0.11723600 
     0.056844222     -0.021171024       0.12744328 
     0.041361891     -0.031452701       0.10872001 
     0.022986189     -0.047985379      0.095827876 
     0.044513101     -0.033424400       0.11086483 
    0.0017823351     -0.068511713      0.074971485 
   -0.0051626316     -0.070873184      0.069908518 
    -0.019070849     -0.089964253      0.047862427 
    -0.020592108     -0.089371016      0.050892267 
    -0.010426404     -0.078589759      0.065380509 
     0.030561380     -0.038226135       0.10356219 
   -0.0070090368     -0.076691921      0.067594997 
   -0.0042524392     -0.075261365      0.067377259 
     0.022769248     -0.047969819      0.097622276 
     0.063320436    -0.0083470367       0.13918259 
     0.068767019    -0.0044077376       0.14078037 
     -0.14450829      -0.21556878     -0.072214772 
     0.029969837     -0.043227547       0.10088711 
    -0.034235837      -0.10429547      0.037166441 
     0.047050334     -0.029635222       0.11550017 
    -0.033063743      -0.10449294      0.036719974 
     0.040873182     -0.042495105       0.11595036 
      0.11974276      0.033779288       0.19603623 
     0.069762885    -0.0065442704       0.14471724 
      0.12727100      0.055949120       0.20063454 
    -0.040164845      -0.12161408      0.035505725 
     -0.12214262      -0.20010441     -0.045699070 
    -0.044548549      -0.11967922      0.031087572 
     -0.14791780      -0.22311422     -0.068549561 
     0.026883270     -0.041265585      0.098910568 
     0.029167597     -0.039379681      0.099640966 
     0.045386870     -0.026237217       0.11562773 
    -0.077851634      -0.14372664     0.0046239632 
    0.0061042729     -0.069538744      0.076869711 
     0.027445556     -0.047958349      0.099917242 
    -0.050512946      -0.12445092      0.022678661 
    -0.065623861      -0.14390552     0.0027629249 
    -0.082242976      -0.15878283    -0.0080867592 
     -0.12743383      -0.19945784     -0.050389779 
    -0.027470435      -0.10060141      0.043493943 
    -0.011832770     -0.080921531      0.060211943 
    0.0079441630     -0.062918940      0.079905266 
    -0.010344837     -0.080211038      0.062156944 
    0.0035977320     -0.066785590      0.077523255 
     0.016584864     -0.058978552      0.084757684 
  1.6214442e-006     -0.069959252      0.073892962 
     0.019118529     -0.052187463      0.093724507 
     0.051798520     -0.021682690       0.11959268 
   0.00030212812     -0.065507276      0.076260024 
     0.028115239     -0.042596143      0.099264101 
     0.055159342     -0.014151595       0.13096976 
     0.055526239     -0.016275092       0.12951236 
     0.011283262     -0.067514756      0.093502210 
     -0.24750122      -0.33121851      -0.16465580 
     -0.11043658      -0.18314752     -0.034878319 
     0.011856296     -0.061700277      0.084930290 
     -0.26182255      -0.33925480      -0.18748527 
      0.11637800      0.039647605       0.18817356 
      0.17310178      0.098752496       0.25138123 
      0.16529699      0.084995820       0.24244235 
      0.13135016      0.055971530       0.20998932 
     0.086005604      0.014660104       0.16464428 
    0.0016892691     -0.075991720      0.081583509 
    0.0036108809     -0.078669832      0.080058077 
    0.0062432407     -0.090452903      0.091786985 
    0.0027013784      -0.17610620       0.16824601 
