    
      0.45799970       0.29801555       0.62208162 
      0.86988212      0.014286904        1.8110687 
      0.83742416      0.019671699        1.7643462 
      0.65418263      0.014489260        1.4550892 
      0.83392030      0.017984103        1.7348049 
       1.2844549       0.13098678        2.4560689 
      0.65072050      0.014491594        1.3384860 
      0.61658207      0.010762109        1.3035169 
      0.92839855      0.012388189        1.8132698 
      0.68008817      0.015613284        1.4662227 
      0.80353607      0.015832086        1.6380129 
      0.63631001      0.014342283        1.3317376 
      0.64587711      0.016042200        1.3248074 
       1.0301687      0.025097492        1.9813561 
      0.64380329      0.015651073        1.4180306 
      0.72302162      0.015149490        1.5209760 
      0.80863601      0.013617976        1.7295909 
       1.2215148       0.12646180        2.4196826 
      0.68899084      0.018323877        1.4119827 
      0.88317082      0.017570836        1.8222785 
       1.4408798       0.18811908        2.6241028 
      0.74774815      0.017614817        1.5704262 
      0.70785021      0.014363679        1.4425619 
      0.75683980      0.013512911        1.6252597 
      0.69206890      0.014539348        1.4169158 
      0.64453467      0.014910323        1.3659057 
      0.62965738      0.015856202        1.3320631 
      0.85662003      0.016993857        1.8221524 
      0.73881908      0.013077310        1.4989502 
      0.67153138      0.015485157        1.4417295 
      0.77095416      0.011358166        1.6460942 
      0.61931518      0.017037494        1.3167277 
      0.59895279      0.016055798        1.2579351 
      0.57813144      0.015558185        1.2541505 
      0.61747269      0.013351187        1.3157054 
      0.70070633      0.014114550        1.5110593 
      0.63732214      0.013981281        1.3849703 
      0.63743843      0.017015564        1.3305618 
      0.82799986      0.020298673        1.6733425 
      0.62637130      0.016343164        1.3394423 
      0.82195108      0.018367572        1.7393598 
      0.67383808      0.012632080        1.4318397 
      0.60523711      0.014589408        1.3029582 
      0.76331368      0.016691874        1.5851019 
      0.58577097      0.013413317        1.2636314 
      0.70230192      0.015632138        1.5234845 
      0.77941854      0.014183853        1.6030183 
      0.85719125      0.014035610        1.8026212 
      0.74466456      0.013200402        1.5734942 
       1.2226217      0.059938338        2.3703611 
       1.2927147      0.081491037        2.4803203 
      0.88582345      0.017949801        1.8773175 
      0.83382673      0.015922342        1.7338847 
       1.1503591      0.058028007        2.1919171 
      0.67796307      0.017584810        1.4459323 
      0.76791854      0.016402583        1.6223628 
      0.92792654      0.014106459        1.8577151 
       1.0095902      0.012812829        2.0185898 
       1.1280675      0.019436806        2.2267315 
      0.88791670      0.015514208        1.8344973 
      0.71937138      0.017147538        1.5107572 
      0.86616864      0.016359339        1.6601709 
      0.72733681      0.013709289        1.5418914 
      0.64416361      0.011754156        1.3594009 
      0.68806243      0.016458016        1.4620294 
      0.63095444      0.015090030        1.2834938 
      0.71230892      0.014562782        1.4904866 
      0.59138879      0.015214259        1.2936211 
      0.63234218      0.012407969        1.3921796 
      0.75683027      0.015500753        1.5349775 
      0.92634543      0.020876485        1.8266232 
       1.1397843      0.076872517        2.2594391 
      0.65487692      0.013566098        1.4668409 
      0.63809001      0.014733755        1.3726107 
      0.73334880      0.015018936        1.5883037 
      0.85352212      0.016020758        1.7522088 
      0.67364156      0.014082668        1.4052998 
      0.64727411      0.014891638        1.3836298 
      0.71306327      0.016660939        1.6164707 
      0.85398746      0.018251326        1.7123659 
      0.69412294      0.014518139        1.4986986 
      0.73147615      0.015632596        1.5225570 
       1.0917621      0.018561061        2.0925068 
      0.86425334      0.017711259        1.8076158 
       1.2821662       0.12420107        2.4247647 
      0.88929290      0.019538427        1.7517382 
      0.66886701      0.015636472        1.4193882 
      0.70783120      0.015711963        1.4972892 
      0.76493977      0.016730069        1.6250694 
       1.0762980      0.034795069        2.0918762 
      0.94811581      0.015825799        1.9223266 
      0.97356538      0.020239138        1.9610610 
       1.0747353      0.013982159        2.0333476 
      0.94309227      0.028510393        1.9363016 
       1.0232063      0.021592467        2.0551247 
      0.81830228      0.013494785        1.6647656 
      0.75365721      0.015708129        1.6161282 
       1.0508307      0.016833276        2.0274129 
      0.59532072      0.016934199        1.2706360 
      0.63340406      0.015391475        1.3781158 
      0.79608982      0.014727191        1.5837104 
      0.40855126      0.021554300       0.84484613 
     
      0.96008397       0.46534229        1.3252894 
       3.3802613      0.020788041        5.9048655 
       1.7817737      0.019303434        3.7269419 
       1.4538749      0.015235888        3.1142427 
       1.8083906      0.013708695        3.2085309 
       2.3945257      0.019983274        4.7044587 
       2.5780797      0.013085397        4.9734329 
       2.0988420      0.016413181        4.3602413 
       1.7117665      0.020606807        3.4639514 
       2.2616908      0.017141217        4.5994498 
       2.6834075      0.024393508        5.2955581 
       2.3334254      0.020801183        4.7131796 
       2.2041838      0.019533406        4.4606708 
       1.8628352      0.014511070        3.6731607 
       1.9449106      0.017679974        3.9266519 
       1.8054133      0.015134312        3.6937876 
       1.7205319      0.016689147        3.4180580 
       1.7901314      0.018183592        3.6302815 
       2.2754608      0.014569282        4.5467456 
       1.9553261      0.015542087        3.7327554 
       2.6765982      0.013331172        5.0369493 
       2.0367362     0.0091665554        4.1721736 
       1.8759262      0.019429287        3.7732483 
       1.9444707      0.015799117        3.9090937 
       1.7229984      0.020266757        3.5246778 
       1.6984704      0.015335230        3.1315014 
       2.1278595      0.022762214        4.0865560 
       1.5482046      0.017949609        2.9771502 
       1.5351596      0.018179183        3.0754020 
       1.8743284      0.017771563        3.7553562 
       1.5224161      0.019267995        3.1473030 
       1.5099942      0.013069057        3.1697556 
       1.5242226      0.015998229        3.2037857 
       2.0866250      0.014468462        4.1356044 
       2.2442746      0.014294265        4.6553442 
       1.7625686      0.017546712        3.6852354 
       2.2778000      0.016393320        4.4783262 
       1.6372705      0.016063393        3.4148929 
       1.4806504      0.016324536        2.8820310 
       1.4693831      0.013756741        2.9500870 
       1.5095095      0.015958663        2.9867809 
       1.4039415      0.012856957        2.8277328 
       1.5623408      0.020213865        3.3013695 
       1.7838004      0.010185688        3.6507872 
       1.6315892      0.013875746        3.2266373 
       1.4165588      0.017757206        2.9305389 
       1.5083423      0.014875649        2.9710463 
       1.5591233      0.016746924        3.2634224 
       1.4238026      0.017760828        3.0020367 
       1.3652721      0.018707285        2.7568507 
       1.5008794      0.013878320        2.9961358 
       1.6262185      0.014287046        3.1337326 
       1.4338183      0.016181801        3.0235201 
       1.4442680      0.017995130        3.0397957 
       1.8106013      0.017515047        3.7441304 
       2.2295577      0.013059922        4.5536777 
       2.3152985      0.022409163        4.6439839 
       1.7916827      0.013689859        3.8697238 
       2.0925362      0.020718951        4.4318871 
       1.7045632      0.013953233        3.5168379 
       2.0131952      0.019349070        4.1221463 
       2.4958732      0.018095532        4.8613285 
       2.1721039      0.015874678        4.3914629 
       2.7027553      0.016273213        5.1542841 
       1.5332634      0.014666891        3.0508313 
       1.4387826      0.022183883        2.9738340 
       1.3401073      0.011839212        2.8086693 
       1.7464476      0.014382988        3.3150161 
       1.4373807      0.016664647        3.0416450 
       1.9399759      0.022717055        4.0701912 
       1.9736061      0.013992107        3.8908825 
       2.3858812      0.020855942        4.7390313 
       1.8396385      0.010520147        3.8405691 
       1.4079721      0.020247166        2.8642073 
       1.3800861      0.018709446        2.8896129 
       1.5812381      0.016492958        3.1155806 
       1.4802261      0.013231556        3.0116812 
       1.3408949      0.014053076        2.8857886 
       1.4212546      0.018528338        2.9381065 
       1.7298187      0.018262518        3.4625197 
       1.5180627      0.014466037        3.1618890 
       1.6598994      0.016163841        3.3424482 
       1.6245593      0.020091623        3.1711817 
       1.4941369      0.020346046        3.0939766 
       1.6580529      0.011794719        3.3383134 
       1.6106515      0.019123613        3.2553438 
       1.6122879      0.021982495        3.1765961 
       1.7527321      0.014746426        3.5881722 
       1.8345291      0.015562115        3.8302433 
       1.8593524      0.014540309        3.8650481 
       1.8147165      0.016612591        3.7329270 
       2.4392362      0.021431240        4.8805119 
       2.4172727      0.021657873        4.7701278 
       1.7942823      0.022108196        3.6034339 
       2.0287797      0.014532661        4.2873217 
       2.1514589      0.015532101        4.0533498 
       2.2504738      0.020295718        4.4334697 
       1.8643106      0.022253498        3.8747954 
       2.2669967      0.021408786        4.4824061 
       1.6822640      0.013014404        3.6054825 
       2.0910527      0.016727985        4.1925083 
      0.95975637      0.020297835        2.0323513 
      

      0.57536709       0.32384009       0.87850493 
       1.3031751      0.012043488        2.3122115 
      0.85557080      0.011194256        1.7979962 
       1.3423875      0.015761229        2.5759305 
      0.78598248      0.014419878        1.6072704 
      0.86492697      0.013682574        1.6312573 
      0.89908984      0.013246356        1.6297318 
      0.80971977      0.015315433        1.6263393 
       1.1837083      0.018508393        2.1639138 
      0.92492157      0.013649231        1.9274785 
      0.85466891      0.015347140        1.5456267 
      0.85611937      0.014616948        1.6733710 
       1.4704960      0.020728678        2.6098943 
      0.78271409      0.014932484        1.5944420 
      0.97627524      0.013518054        1.9710668 
       1.1269944      0.012606051        2.1079326 
       1.2388734      0.012299500        2.0300374 
      0.93317715      0.014494383        1.8306542 
       1.4050993      0.014417861        1.7843535 
      0.94436680      0.013405237        1.9143373 
      0.95467820      0.015925587        1.7168033 
      0.87055328      0.016316896        1.7893836 
       1.2292221      0.012999895        2.3455851 
       1.8659838       0.11267383        3.5116642 
       1.7671459      0.023931235        3.2973351 
       3.5050592       0.55453747        6.2672058 
       1.4671460      0.024433299        2.8464908 
       1.8632463       0.11634344        3.5397455 
       1.5985940      0.037780977        3.0071059 
       1.5568058      0.021933676        2.8120197 
       1.2502923      0.013268058        1.9330927 
       1.0795815      0.014890878        1.9990120 
      0.86472238      0.012559631        1.6105979 
      0.88413955      0.016613964        1.6523199 
      0.89238963      0.013362244        1.7466731 
       1.2806648      0.013690934        2.3257841 
      0.85553975      0.014954063        1.5919348 
       1.4889229      0.013631267        1.7062523 
      0.84697970      0.014008719        1.6571963 
      0.86157819      0.014559704        1.6311556 
      0.85036928      0.011424887        1.6512812 
       1.0104699      0.015184140        1.5755379 
      0.78845895      0.012421688        1.5693362 
      0.95386351      0.013430431        1.8960432 
       1.1753354      0.014664082        2.3388855 
       1.1364709      0.012093193        2.1968418 
       1.3762993      0.018955245        2.5657663 
       1.1977444      0.012667521        2.3093652 
       1.3400422      0.014779519        2.3477580 
      0.95948127      0.014616500        1.8658972 
       1.1048041      0.013766597        1.8715311 
       1.1149310      0.013799225        2.0202871 
       1.1439778      0.012671737        2.1777294 
      0.92638334      0.013963152        1.8678392 
      0.88114529      0.015700685        1.7664518 
       1.5689524      0.048219651        2.9057838 
      0.88827380      0.015283436        1.7610965 
       1.0294599      0.015759101        1.9269659 
       1.3098516      0.017098383        2.5177876 
       1.1429172      0.013767440        2.1662766 
       1.5952483      0.051253585        3.0148717 
       1.1964397      0.013875717        2.2980111 
       1.0052391      0.011498271        1.9240551 
      0.79845659      0.013677600        1.6797504 
      0.89513327      0.013106688        1.7007031 
      0.78600846      0.013423546        1.5719250 
      0.86274735      0.013015602        1.6015227 
      0.77551479      0.012814601        1.5527522 
       1.0221726      0.016166959        1.9586991 
       1.2422710      0.016086320        2.3351252 
       1.2034876      0.015945395        2.3316800 
       1.1220340      0.013125241        2.1972348 
       1.6847402      0.031759736        3.0592346 
      0.91344986      0.013850748        1.9689445 
       1.4093521      0.013178996        2.6693834 
       1.1004489      0.013584910        2.1190653 
       1.3775485      0.013700034        2.6214857 
      0.96785676      0.015860376        2.0403180 
       3.0154923       0.47457775        5.5968006 
       1.9427127      0.038993897        3.7348110 
       1.5655016      0.020438182        3.0946410 
       1.7055442      0.044964213        3.2799355 
       1.2804273      0.010683923        2.4506703 
       1.6000793      0.023649999        2.7102263 
       1.8186121      0.049177320        3.3277440 
      0.97464694      0.011466908        1.8993160 
       1.0709804      0.015763175        2.1082177 
       1.0241849      0.014096717        2.0674662 
       1.0761066      0.017503178        2.0736480 
       1.2630930      0.012405061        2.5302631 
       1.9046113      0.099282183        3.3370967 
       1.2176805      0.016867254        2.3429524 
       3.1094516       0.39318932        5.4955300 
       2.9090794       0.38459654        5.3879205 
       2.7465279       0.26405776        5.1525418 
       2.0989216       0.15210576        3.7606309 
       1.7969410       0.17287338        3.4006310 
      0.84701735      0.014021736        1.6789073 
      0.93921619      0.011580200        1.8911761 
       1.7016233      0.035633103        3.2324805 
       1.6590088      0.016395273        2.9697060 
      0.48940553      0.017533450        1.0372680 
      

      0.59778122       0.39333561       0.77398467 
       1.5839980      0.019762198        3.2717482 
       1.1095880      0.012611535        2.3646219 
       1.0191995      0.016330062        2.2496159 
      0.98417155      0.016191504        2.1099635 
       1.1244739      0.018075271        2.3476122 
       1.0299801      0.013397888        2.2469412 
       1.0289381      0.015236338        2.2122309 
      0.96824966      0.018132463        2.0434057 
       1.0725908      0.017439867        2.2333384 
      0.96801769      0.016361924        2.0328117 
      0.97160887      0.016058050        2.1047630 
      0.97621268      0.015544920        2.0491901 
       1.0449255      0.022284349        2.2151719 
      0.98957599     0.0092749979        2.1002193 
       1.0071742      0.017864002        2.1685057 
       1.1085960      0.017666427        2.3039436 
      0.96821491      0.016103045        2.0601113 
       1.0525037      0.018255752        2.2337677 
       1.1055846      0.019199883        2.2995189 
       1.0369214      0.019084206        2.2406539 
      0.96595286      0.014480948        2.0688373 
       1.0108009      0.017895151        2.1799782 
      0.95618367      0.017662646        2.0491375 
      0.97739461      0.016122532        2.0970978 
       1.0495871      0.019245019        2.2553097 
      0.95618752      0.013524950        2.0621487 
      0.98034213      0.019341856        2.0581019 
      0.97490746      0.016174094        2.1167477 
      0.98620746      0.019238702        2.0796779 
      0.98611903      0.013673451        2.0336935 
      0.94946748      0.015626723        2.0507387 
       1.0536995      0.015586049        2.2221339 
       1.1690241      0.015636347        2.4096747 
       1.1997550      0.012024021        2.5105798 
       1.1142981      0.019262471        2.3261666 
       1.1083512      0.021053677        2.4071790 
       1.0566391      0.017055111        2.2336016 
      0.99739477      0.014755808        2.0833718 
       1.0419279      0.019034761        2.2067228 
       1.0323762      0.013254321        2.1177026 
       1.0514809      0.016947041        2.2138547 
       1.0335683      0.015035023        2.1930071 
       1.0180644      0.018521308        2.1448821 
      0.96334895      0.015091810        2.0510675 
       1.0115015      0.016735724        2.1305439 
      0.97684074      0.017306972        2.0454698 
      0.93100987      0.017633749        1.9545513 
      0.97783424      0.013029970        1.9958690 
      0.97506482      0.013528886        2.0343905 
      0.95455530      0.015026281        1.9694888 
       1.0202434      0.015300548        2.1831802 
       1.0286992      0.015711722        2.1698801 
      0.97207284      0.013792073        2.0812172 
      0.98669510      0.015526859        2.0732467 
      0.95870724      0.013532273        2.0564109 
       1.0288934      0.017189829        2.1664839 
       1.0258402      0.018303837        2.2296590 
      0.98667107      0.014812058        2.0874834 
      0.96943022      0.012784679        2.0377736 
       1.0729034      0.011174606        2.3428194 
       1.0241375      0.014146582        2.1568608 
       1.0365837      0.013592678        2.1494853 
       1.0091513      0.013405877        2.1492330 
      0.99834650      0.014068235        2.0945069 
      0.98394827      0.015314034        2.1352928 
       1.0226722      0.018921431        2.1478332 
      0.99099349      0.016597518        2.0950073 
       1.0758747      0.016252149        2.1936087 
      0.98287229      0.016052207        2.0170563 
       1.0073669      0.018394067        2.1265432 
       1.0185727      0.014856257        2.1574492 
      0.99718421      0.015955361        2.0522984 
       1.0072037      0.016509160        2.1461075 
      0.97909463      0.012697940        2.0685957 
       1.0341498      0.020982145        2.1849471 
       1.0411947      0.012839661        2.1218108 
       1.0399574      0.015012505        2.1427302 
       1.1934226      0.015095769        2.4889320 
      0.99544341      0.011688805        2.1211162 
      0.99545622      0.019292941        2.1044321 
       1.0222324      0.015740692        2.1107531 
      0.98944909      0.013334551        2.0370250 
       1.0749271      0.015045266        2.2416594 
       1.1135047      0.019969875        2.4333296 
      0.97048895      0.019640906        2.0543228 
      0.97814327      0.012746567        2.0587269 
      0.97804424      0.014064577        2.1035701 
      0.94182549      0.019341807        2.0571244 
      0.95206350      0.017601693        2.0610950 
      0.97144787      0.019232541        1.9889964 
       1.0273002      0.015883253        2.1788177 
       1.3496141      0.018240321        2.7378631 
       1.3088609      0.017558531        2.7664058 
       1.3876283      0.011579646        2.8260840 
       1.2438876      0.017981492        2.6021129 
       1.0185211      0.014880356        2.1680177 
       1.0266866      0.015458092        2.1510425 
       1.0287730      0.013034692        2.1900608 
       1.2151795      0.014743982        2.4165534 
       1.0393576      0.014363715        2.2225139 
      0.62449788      0.021133225        1.3221992 
      

      0.51976031       0.34666632       0.69336305 
       1.0141513      0.016858463        2.1381721 
      0.84626719      0.013850403        1.8564056 
      0.82232406      0.013341566        1.7202920 
      0.81798216      0.012230646        1.6639117 
      0.93673557      0.018868398        1.9504216 
      0.84957843      0.016343581        1.7721373 
      0.84769912      0.015618623        1.7818330 
       1.1633257      0.017343270        2.3928258 
      0.95209988      0.014299559        1.9637969 
      0.83633275      0.016375491        1.7659384 
      0.86374105      0.018878210        1.8360629 
      0.82488007      0.014529931        1.7930727 
      0.84808014      0.021102391        1.8365998 
      0.85372941      0.013707494        1.8096928 
      0.84060722      0.014464462        1.7326202 
      0.85565815      0.017069292        1.7893407 
      0.83884967      0.020214315        1.7274299 
       1.0102453      0.017461017        2.1403695 
      0.82302421      0.012581459        1.6712361 
      0.83378111      0.021301327        1.7260129 
      0.85138161      0.016006697        1.7098986 
       1.0126121      0.013198010        2.0663688 
      0.90322316      0.015306008        1.8554619 
      0.94974694      0.015639991        1.9301070 
      0.84011281      0.017400413        1.7609148 
      0.78970273      0.016494271        1.6366582 
      0.84291258      0.015644610        1.7386566 
      0.78305777      0.017329064        1.6282552 
      0.83664310      0.013360537        1.8324049 
      0.85556057      0.013697052        1.7772069 
      0.79819541      0.012298753        1.6891580 
      0.82712906      0.015679804        1.6986800 
      0.82211950      0.014776316        1.7383840 
      0.94152568      0.014945244        2.0010376 
      0.82094731      0.015859957        1.7421218 
      0.89678499      0.014935676        1.8803733 
      0.83431026      0.015460989        1.7584022 
      0.85557832      0.016027360        1.8298350 
      0.92038565      0.018167558        1.9835181 
      0.83915846      0.018876401        1.7527945 
      0.86302453      0.017350489        1.8955984 
      0.93301098      0.014219059        1.9049480 
      0.84389350      0.012309734        1.6873374 
      0.83515293      0.012312364        1.7565348 
      0.82082933      0.016247292        1.7340629 
      0.92754348      0.014703152        1.9344352 
      0.85706812      0.015073566        1.7732073 
      0.85752734      0.017158038        1.8527614 
      0.80798184      0.015700080        1.6560953 
      0.88114871      0.012302098        1.8457344 
      0.81008185      0.016193814        1.6713116 
      0.83710087      0.015341419        1.7509064 
      0.83993483      0.016239385        1.8193566 
      0.87390798      0.014013024        1.8143262 
      0.83665364      0.013084953        1.7687688 
       1.0045306      0.013149360        2.1625283 
       1.1014855      0.015480073        2.2771991 
       1.0447286      0.017391421        2.1162293 
      0.85392893      0.014001775        1.8086801 
      0.84791675      0.018686979        1.7966796 
      0.92972499      0.016296945        1.9331894 
      0.89436270      0.017217884        1.9254863 
      0.96230331      0.017280288        2.0627346 
      0.84519015      0.014212872        1.7746521 
      0.95879032      0.015720399        1.9807837 
      0.93281333      0.014655371        1.9340739 
      0.82135549      0.016453251        1.7642673 
      0.89544136      0.017397071        1.9037915 
      0.82620822      0.011290879        1.7187084 
      0.81742317      0.013615367        1.7077118 
      0.86005674      0.017527847        1.8433543 
      0.81827608      0.012635961        1.7553351 
      0.83819028      0.015299593        1.7824395 
      0.81199917      0.019766342        1.7332347 
      0.82314045      0.017601894        1.7134843 
      0.82907913      0.015601232        1.7178083 
      0.81809962      0.016463645        1.7141203 
      0.94439127      0.012076423        1.9915447 
      0.81108602      0.011591251        1.7138846 
      0.78829053      0.018387600        1.6040333 
      0.85158904      0.016726998        1.7995789 
      0.80549044      0.018352632        1.7083504 
      0.79673746      0.013112480        1.6766660 
      0.80903130      0.014900451        1.7130286 
      0.83017530      0.013410806        1.7598629 
      0.88318311      0.015699990        1.8281790 
      0.80761044      0.015991851        1.6855184 
      0.83602621      0.017398764        1.7577393 
      0.83072444      0.014388111        1.7596108 
      0.84560293      0.016774809        1.7447556 
      0.89313046      0.015119022        1.8195084 
       1.2179974      0.016158057        2.4113239 
      0.86142949      0.014754340        1.8139075 
      0.86003041      0.014449673        1.7873925 
      0.87210349      0.012250696        1.8267553 
      0.94903902      0.016032478        2.0159402 
      0.94392941      0.014650391        1.9464110 
      0.93329178      0.016787390        1.9245403 
       1.0267703      0.016961167        2.1076925 
      0.92078633      0.016698281        1.8858835 
      0.57843588      0.020198120        1.1805868 
       

      0.69848977       0.26033830        1.4025671 
       2.1086925      0.023704200        4.6398507 
       1.1051616      0.021262496        2.3642559 
       1.1750804      0.013640263        2.5773031 
      0.94995758      0.016062413        2.0707935 
       1.7732051      0.096555691        3.6789743 
       1.1777500      0.014994179        2.5062248 
       1.1259735      0.016192602        2.4825526 
       1.0446957      0.014779129        2.3663986 
       1.0758298      0.017591071        2.2989886 
       1.2183920      0.014691387        2.5744339 
       1.2596290      0.015470258        2.6595459 
       1.2136695      0.014685925        2.6327103 
       1.1249954      0.012755640        2.4877429 
      0.96929166      0.013660366        2.1470630 
       1.4481044      0.018961058        2.9461296 
       1.3596412      0.015932380        2.9031932 
       1.2457385      0.017014668        2.7659735 
       1.4285215      0.021904565        2.9786334 
      0.98764718      0.014212837        2.2724586 
       1.5960259      0.027779618        3.1896591 
       1.6603328      0.082780556        3.3833935 
      0.97365300      0.013889509        2.1065558 
       1.1112919      0.016262157        2.5312759 
       1.1886648      0.014205118        2.4964697 
       1.0569822      0.016393027        2.3558287 
       1.8038887      0.025426108        3.6466059 
       1.0543777      0.016435150        2.2834746 
       1.5837158      0.024282163        3.2510707 
       1.0172827      0.016498057        2.2904027 
       1.3318284      0.012298465        2.9331658 
       1.1252950      0.016862529        2.4957418 
       1.6563133      0.030404868        3.3647260 
       1.0401259      0.013686643        2.2907612 
       1.4059978      0.015351393        2.9092480 
       1.1473960      0.012623851        2.4775183 
       1.3651880      0.024768961        2.9154480 
       1.0832978      0.012170231        2.3624471 
       1.4535104      0.015945861        3.1014814 
      0.91876542      0.013170773        2.1050395 
       1.1589265      0.013556119        2.5109177 
      0.97071962      0.014286356        2.2390388 
       1.3487461      0.019986626        2.8366078 
       1.1295804      0.013643745        2.4936414 
       1.1390328      0.015942569        2.4523905 
       1.0297450      0.014055654        2.2190089 
       1.0924144      0.014530789        2.4402604 
       1.2056097      0.020253043        2.6700138 
       1.4209630      0.016375247        3.0458956 
       1.1048549      0.014922581        2.3607627 
       1.3355310      0.017478299        2.7161638 
      0.96925282      0.014011399        2.1742642 
       1.4990780      0.016068253        3.0328465 
       1.2429624      0.014261543        2.7776338 
       1.2215742      0.016222986        2.6085660 
       1.6650240      0.045958485        3.4605821 
       1.1313249      0.018088776        2.5577004 
       1.5087943      0.030130223        2.9178472 
       2.1563537       0.31769633        4.3022843 
       1.3111311      0.014203140        2.7518715 
       1.1560396      0.017975722        2.4438848 
       1.0262659      0.016815698        2.3035887 
       1.3093836      0.022679928        2.7142361 
       1.0969983      0.013057917        2.4039302 
       1.1268327      0.016816488        2.4188626 
       1.2348433      0.014712426        2.5756868 
       1.1840511      0.013259633        2.5997678 
       1.0489103      0.016665558        2.2714561 
       1.0718324      0.015253741        2.3871910 
       1.0575228      0.014516846        2.3302011 
       1.1137766      0.011465254        2.4382045 
       1.5921526      0.027264927        3.2000037 
       1.0631143      0.013711069        2.3360191 
       1.2139262      0.017964924        2.5607975 
       1.4286734      0.017642371        2.9365738 
       1.1424548      0.015652214        2.4825404 
       1.0184563      0.017116820        2.4035836 
       1.0996641      0.014429691        2.4149876 
       1.1997682      0.014263211        2.5767099 
      0.96904654      0.012454312        2.1256114 
       1.0562693      0.015012731        2.2579338 
       1.0435085      0.016566672        2.3440343 
       1.4083291      0.026708410        2.9728173 
       1.3482220      0.014372154        2.8207333 
       1.3075799      0.019304881        2.6766904 
       1.1525601      0.011901118        2.5447901 
      0.98820132      0.014028633        2.2575615 
       1.2941555      0.015177858        2.7020406 
       1.0903893      0.011200233        2.3679077 
       1.0109140      0.013099346        2.1696990 
       1.0268350      0.015084773        2.2585669 
       1.3622400      0.011759104        2.8386755 
       1.5250264      0.035085288        3.1444518 
       2.4991209       0.39552283        4.6766720 
       1.2657207      0.012416138        2.6465456 
       1.7006773      0.012926698        3.5198115 
       1.2283270      0.015336928        2.7320241 
       1.0643911      0.014226228        2.3862029 
       1.5652819      0.023850424        3.3477936 
       1.3523486      0.027213445        2.7150784 
       1.5607775      0.011811272        3.1867731 
      0.45875890      0.020904356       0.95587547 
       

      0.98687253       0.61399110        1.3641333 
       2.0575017      0.015156997        4.3158891 
       1.7230229      0.015766812        3.7254858 
       2.3133575      0.014737376        4.7752231 
       1.7495449      0.016136873        3.4567135 
       1.7035411      0.014227098        3.5682424 
       2.0688653      0.015935457        4.2620752 
       1.7602808      0.012505448        3.5559237 
       1.6674853      0.016715865        3.6039127 
       1.8760051      0.014189303        3.6173691 
       1.8418330      0.010930667        3.8218996 
       1.7476977      0.015472617        3.4346707 
       1.9175492      0.016649564        3.9677986 
       1.7167455      0.014373020        3.4863983 
       1.7151185      0.015822143        3.6331923 
       1.8895259      0.011799161        3.7704263 
       2.3119903      0.019190095        4.3230692 
       1.8838655      0.012848671        3.8244965 
       1.8919090      0.017350053        3.7204038 
       1.9243984      0.015109567        4.0627725 
       2.0950534      0.014137953        4.4237730 
       1.8250805      0.012486813        3.8116463 
       2.2192598      0.016197821        4.6245398 
       1.7622970      0.013838557        3.5798397 
       1.9337604      0.019137031        3.8119710 
       1.6433410      0.015429501        3.4692273 
       2.0721585      0.013107459        4.1464156 
       1.7283615      0.016812770        3.5141651 
       1.7020309      0.017089918        3.7563197 
       1.6692357      0.011233776        3.6081050 
       2.0028036      0.016854690        4.1827332 
       2.7841446      0.019831228        5.5345270 
       1.8807852      0.015672215        3.8605824 
       1.7699425      0.012980707        3.7552186 
       1.7769057      0.016461341        3.7019826 
       1.6827809      0.016802792        3.5278005 
       1.8797952      0.019295727        3.8200749 
       1.8186767      0.014127215        3.8155024 
       1.8184999      0.013822540        3.6770116 
       1.7693866      0.015865490        3.6043460 
       1.6855530      0.012667901        3.5829193 
       1.6582345      0.017834768        3.4468038 
       2.1820946      0.015001021        4.6470227 
       1.7412780      0.016561748        3.6136503 
       1.8004494      0.013916146        3.6494242 
       1.7422605      0.012284436        3.6595916 
       1.6606660      0.014264088        3.5410544 
       2.1077578      0.015246960        4.2872720 
       1.6545472      0.014576311        3.3689820 
       1.7513454      0.011660085        3.5210641 
       1.6591809      0.019919821        3.5784281 
       1.7005090      0.015813937        3.5389871 
       1.9219800      0.023258381        4.0696651 
       2.0120648      0.013893232        4.2214600 
       1.7843614      0.012895790        3.7336076 
       1.6985711      0.014508075        3.4838097 
       1.7421168      0.013903850        3.4785751 
       2.6356610      0.022357953        5.2696072 
       2.1173282      0.015394923        4.3927775 
       1.7047850      0.012815483        3.3982190 
       1.6788560      0.014711667        3.6708774 
       1.8115707      0.014611129        3.7625806 
       2.0528426      0.020918346        4.1938508 
       2.1817117      0.019429133        4.2798674 
       2.0299153      0.011770928        4.0364546 
       1.7404509      0.017650549        3.5894821 
       1.5907784      0.018276555        3.4889704 
       1.7411024      0.012588967        3.3185475 
       1.6986355      0.013071166        3.4621133 
       1.9886243      0.014448818        4.1639255 
       1.7486557      0.018928475        3.6772699 
       2.2701340      0.014833277        4.3638030 
       1.6956729      0.017497124        3.6968557 
       1.9458637      0.011712930        4.0532046 
       2.5733189      0.017905418        5.0893166 
       1.8031149      0.016374550        3.5684191 
       2.1242935      0.019763924        3.5570892 
       1.7710209      0.010293293        3.5815064 
       1.7493945      0.013416106        3.4194830 
       1.7598202      0.015926645        3.7281357 
       1.7557980      0.013971424        3.5612667 
       2.2001205      0.014503310        4.6215445 
       1.7819947      0.015567420        3.7807754 
       2.1621211      0.018416248        4.7023781 
       2.1751689      0.014644249        4.3957554 
       1.7890705      0.014562331        3.7796425 
       1.8950852      0.016787652        3.9174366 
       1.6985653      0.017400757        3.5885478 
       2.2608804      0.017643099        4.5045059 
       2.7670306      0.014688637        5.7000640 
       3.5074205      0.026942179        6.8030865 
       4.7322139       0.49315238        9.2371795 
       5.2619485       0.72831856        9.4378512 
       2.4584703      0.013621095        5.0370520 
       2.7117650      0.025114981        5.5075713 
       2.4067120      0.011332318        4.9145534 
       1.9365420      0.015955758        3.9220615 
       1.6617504      0.014145025        3.4389222 
       2.0443194      0.015480826        4.0807305 
       1.7938347      0.016551833        3.6793037 
       1.8280229      0.015428164        3.7623478 
      0.99246941      0.024011691        2.0809267 
      

      0.27393965      0.089000183       0.48381257 
      0.66960354      0.015215913        1.5220887 
      0.47225575      0.014674077        1.0163372 
      0.69600167      0.062004372        1.3904406 
      0.67367483      0.051545704        1.3134228 
      0.69421776      0.032252461        1.4851419 
      0.53869785      0.010615635        1.0672095 
      0.57612052      0.013873332        1.1531023 
      0.61826349      0.036223969        1.2725574 
      0.64392397      0.033869269        1.3280865 
      0.43514990      0.011475157       0.98531981 
      0.52233455      0.012691557        1.1240182 
      0.45768049      0.012664621       0.99695492 
      0.79103581      0.050491556        1.6436521 
      0.44621721      0.012630291       0.96596063 
      0.52831576      0.013175827        1.0443919 
      0.43828786      0.010567075       0.96222095 
      0.50170262      0.011861491        1.0213208 
      0.54046856     0.0098656881        1.0875677 
      0.57904127      0.012563031        1.1899525 
      0.48993514      0.014018383        1.0655317 
      0.59870493      0.023154424        1.2323849 
      0.45806440      0.012253429       0.98148712 
      0.50928288      0.011224949        1.0577282 
      0.59845379      0.019201691        1.1289635 
      0.45448520      0.011235745       0.94723019 
      0.47605730      0.013543366       0.95401536 
      0.52308077      0.011860238        1.0485203 
      0.45740256      0.011823165        1.0113848 
      0.54054705      0.012624137        1.1596556 
      0.47412226      0.012960417       0.97628158 
      0.46673228      0.011294209        1.0611826 
      0.54848567      0.013343875        1.1024562 
      0.44909932      0.012150283       0.96252893 
      0.50945443      0.012986210        1.1038731 
      0.47228695      0.012802691        1.0585059 
      0.46527684      0.011995500       0.97813601 
      0.48775063      0.010484132        1.0636803 
      0.53375828      0.013311213        1.0955542 
      0.47087631      0.013465084        1.0104615 
      0.51552887      0.012688664        1.0820326 
      0.48645814      0.011247151        1.0728956 
      0.46483898      0.011902931       0.98233689 
      0.46400800      0.010147233       0.92140144 
      0.46432421     0.0094724929        1.0070310 
      0.47647000      0.012474698        1.0164895 
      0.49014576      0.011336589        1.0048795 
      0.50436164      0.013058180        1.0093363 
      0.47447745      0.010007916        1.0288496 
      0.47783918      0.013399179        1.0054725 
      0.50180624      0.014468559        1.1182787 
      0.50271039      0.016883851        1.0917224 
      0.62588755      0.026937171        1.2578156 
      0.44141524      0.013837808       0.92400547 
      0.52731562      0.011852797        1.0826788 
      0.48239214      0.012396632        1.0131322 
      0.49981920      0.013378749        1.0702979 
      0.44848938      0.010924216       0.98043086 
      0.66539235      0.018768945        1.3944281 
      0.54047543      0.012387301        1.0999308 
      0.65241121      0.018713094        1.3197312 
      0.46050291      0.012091115       0.99508120 
      0.60754707      0.020105977        1.2782348 
      0.43620843      0.012918183       0.91503200 
      0.63451071      0.024226385        1.2768081 
      0.45535180      0.014145193       0.95973571 
      0.48005079      0.012650685        1.1251106 
      0.49909126      0.011609801        1.0873895 
      0.56654180      0.014288621        1.1900799 
      0.46818139      0.012194446       0.99967804 
      0.51542794      0.012876648        1.1274496 
      0.50414722      0.010917886        1.1103524 
      0.50154190      0.012350979        1.0945154 
      0.51071775      0.015708741        1.0430079 
      0.61209849      0.023100687        1.2115844 
      0.46051180      0.012322363       0.97730441 
      0.47745990      0.011159441        1.0145525 
      0.48681254      0.012388567       0.98420983 
      0.43483181      0.012970228       0.98417482 
      0.49394558      0.010910475        1.0694013 
      0.48915575     0.0099094791        1.0118487 
      0.45597037      0.011357805        1.0443207 
      0.46333949      0.011423957        1.0267193 
      0.63225105      0.012602300        1.1204753 
      0.45086299     0.0099519557       0.96926831 
      0.50468888      0.012565003        1.0710678 
      0.49175845      0.013830591        1.0503654 
      0.54797940      0.013138479        1.2431366 
      0.42578796      0.012397340       0.94679398 
      0.74841971      0.049790236        1.5043488 
      0.58584758      0.013891223        1.1279016 
      0.42663276      0.012508099       0.92175868 
      0.84335785      0.071148333        1.5878815 
      0.70051965      0.014739794        1.1471589 
      0.72194351      0.033701140        1.5312126 
      0.65511211      0.033891263        1.3868718 
      0.61482127      0.017853566        1.2697131 
      0.56142353      0.012927718        1.1785225 
      0.52899872      0.012522301        1.1019491 
      0.48254497      0.012288690       0.89502770 
      0.73775294      0.012015285        1.4601212 
      0.10662870      0.019689686       0.21090998 
