      -0.17822798       -1.0292785       0.63337453 
      0.10736479      -0.72743887       0.93248676 
    -0.027193505      -0.91559929       0.77359579 
      0.24372388      -0.56023394        1.1099755 
      0.14262615      -0.71060216       0.91539111 
     -0.40627199       -1.2300602       0.42459747 
      0.17883793      -0.61512662        1.0505905 
    -0.081410260      -0.89692142       0.75698255 
     -0.45084692       -1.2808248       0.35311784 
      0.31713127      -0.51383475        1.1578623 
     -0.33511096       -1.1777082       0.47693606 
     0.063380354      -0.76287285       0.89346342 
      0.10879155      -0.73366255       0.95545858 
     -0.32660115       -1.0868670       0.56209807 
    -0.047142813      -0.85986758       0.77047908 
      0.25873974      -0.51505109        1.1370672 
     -0.38392762       -1.2128945       0.47971606 
     -0.46380548       -1.3139417       0.33218488 
      0.31128325      -0.49114390        1.1588509 
      0.14784770      -0.71166752       0.93605667 
     -0.39435862       -1.2145009       0.45053696 
      0.17386750      -0.65208396       0.99598899 
      0.46840009      -0.33913878        1.3351764 
      0.20933790      -0.57130372        1.0746796 
      0.22028773      -0.56162991        1.1207389 
      0.43608279      -0.37894050        1.2798509 
      0.13461744      -0.67959240       0.97652783 
      0.42294293      -0.40978286        1.2318460 
      0.21293134      -0.64283769        1.0130436 
     0.059146301      -0.77345103       0.85535196 
    -0.036432584      -0.87966521       0.76034267 
      0.40659146      -0.36081650        1.2539472 
     -0.19223223      -0.99061426       0.64329369 
    -0.010131955      -0.81932738       0.79158708 
   -0.0050833263      -0.83377507       0.80748813 
     -0.21297316      -0.98850350       0.64110771 
     0.022736901      -0.79638032       0.87556123 
     0.046556100      -0.80773071       0.87912085 
      0.54436101      -0.23520561        1.3721857 
    -0.057155821      -0.86446636       0.76420331 
      0.36484367      -0.47559133        1.1847756 
     -0.24354154      -0.99414062       0.60061586 
     0.088872461      -0.75630309       0.91670960 
     -0.15811595      -0.99625696       0.63272242 
      0.12564479      -0.78657959       0.90384351 
    -0.080024242      -0.91871423       0.71232838 
      0.18907024      -0.65026854        1.0017860 
      0.45448700      -0.39426471        1.2667212 
     0.080297374      -0.76144518       0.87716319 
      0.24904349      -0.59683878        1.0493547 
      0.18077311      -0.62726359        1.0103975 
     -0.14887220      -0.98197804       0.65065549 
     0.033916201      -0.77604116       0.87664409 
     0.071871866      -0.73922299       0.87133917 
     -0.27624793       -1.0447014       0.55731201 
     -0.14754633      -0.97581939       0.68088786 
     0.047557906      -0.77655124       0.86373418 
     -0.72288304       -1.5361270       0.10770696 
      0.33420677      -0.50053762        1.1714210 
    0.0032297207      -0.82233939       0.84660173 
     -0.11565090      -0.99924152       0.65148192 
     -0.41491092       -1.2401598       0.39865289 
      0.19514169      -0.61297159        1.0320229 
     -0.21860923      -0.99272731       0.67824981 
      0.20814136      -0.61524664        1.0626099 
     0.075372162      -0.76417105       0.85792970 
     0.029637737      -0.82902993       0.82120043 
     0.099794375      -0.74148523       0.90761733 
      0.24476488      -0.58791593        1.0792240 
     -0.13274807      -0.98881447       0.68256385 
      0.10640612      -0.71853009       0.94638180 
      0.30688554      -0.50368439        1.1488518 
     -0.30010001       -1.1436611       0.51330210 
     -0.13000995      -0.97600854       0.64775685 
     -0.43565350       -1.2037144       0.42827286 
      0.12867555      -0.67338231       0.97053190 
     -0.10508381      -0.89602260       0.72652672 
    -0.092374259      -0.86326468       0.75604732 
     -0.15729000      -0.98670810       0.65424280 
     -0.40692596       -1.2084925       0.41236734 
     -0.14367931      -0.95798913       0.66690347 
     -0.22264446       -1.0467830       0.56873032 
     -0.30540271       -1.1175103       0.51110491 
     0.097063108      -0.72646268       0.93155948 
     -0.10867017      -0.92962077       0.71146596 
     -0.15978304      -0.95853777       0.65822185 
    -0.028602545      -0.84525483       0.81216636 
    -0.030693594      -0.83289496       0.81613605 
     -0.17406042      -0.98503073       0.64880077 
     -0.35137757       -1.2081888       0.42077674 
     -0.22274296       -1.0553636       0.60373408 
     -0.28857519       -1.1095977       0.48185542 
    -0.089536032      -0.90099227       0.73152474 
      0.25697040      -0.57581235        1.0576590 
     -0.10426617      -0.86894796       0.76029011 
      0.93902293       0.13718621        1.7603085 
      0.23981467      -0.61599517        1.0016804 
     -0.19607083       -1.0113172       0.64177573 
      0.24072647      -0.55097808        1.0613351 
      0.16027786      -0.66444396       0.93766485 
      0.44036993      -0.45907707        1.4139338 
    0.0098557881      -0.67432494       0.63238110 
     -0.89146252       -2.6826827       0.98988967 
     -0.84750074       -2.5618113        1.0281777 
     -0.44686700       -2.2709049        1.3560710 
       1.1546354      -0.66103561        2.9758279 
     -0.12126292       -1.8900713        1.6948368 
      -1.0185843       -2.9519126       0.87151674 
       1.7760462      -0.10063157        3.5993677 
      0.75994448       -1.0463904        2.5981421 
     -0.12753361       -1.9596221        1.6822405 
       2.4327146       0.53482563        4.2458723 
      0.62044995       -1.2231875        2.3673722 
       1.1015057      -0.85285228        2.7862383 
       1.3635200      -0.52575697        3.1435000 
      0.38915223       -1.5101147        2.1250226 
     -0.26621732       -2.0381165        1.5755215 
       1.6156226      -0.39474384        3.3578263 
       1.0486875      -0.79189526        3.0251056 
      0.45203800       -1.2613330        2.3916768 
       1.7795991      -0.13050145        3.6242323 
     -0.92704137       -2.7051474       0.99026417 
      -2.0303217       -3.8981656      -0.15190343 
     -0.99863689       -2.7679522        1.0153171 
       1.0080380      -0.80241844        2.9289888 
      -1.0033900       -2.8548402       0.82452556 
      -1.3853284       -3.3013064       0.40840356 
      0.50489485       -1.2910572        2.4056198 
      -2.4178090       -4.2490147      -0.58598943 
      0.77779845       -1.0793246        2.6123600 
     0.057607721       -1.7824486        1.8427772 
     -0.96653163       -2.8546607       0.77422765 
     -0.52251404       -2.4093578        1.1926289 
       1.0668801      -0.70513951        2.8666964 
     -0.92315656       -2.7656456       0.92619902 
      0.88523980      -0.96551406        2.6968434 
      0.79906853      -0.99378667        2.6194109 
     0.065334009       -1.7929103        1.8169518 
      0.84064155      -0.97128764        2.6719929 
     -0.55109367       -2.3273502        1.2662659 
      0.64844186       -1.0980152        2.4915215 
     -0.66867954       -2.4418890        1.1677228 
     -0.21189877       -2.1847723        1.4918107 
     -0.49856163       -2.2685231        1.2472259 
      0.25271816       -1.4729155        2.1120351 
      -1.2625863       -3.0780582       0.55912996 
     -0.42500788       -2.3598116        1.2875128 
     -0.27513817       -2.0386866        1.5598932 
      -1.1015410       -2.8903721       0.79495286 
      0.54814655       -1.4092321        2.3259207 
     -0.32277808       -2.1684079        1.4685980 
    -0.097716105       -1.9165738        1.7448872 
      0.94795160       -1.0129401        2.6968289 
     -0.16218977       -1.9442722        1.6933361 
      0.69352396       -1.2000379        2.4540989 
      0.18128889       -1.7412732        1.8659315 
       1.1717369      -0.68871591        2.9273439 
       1.5471297      -0.27363366        3.4177161 
       1.7990316      0.045725302        3.6382316 
     -0.14342735       -2.0509073        1.5719510 
       2.0265941       0.22959670        3.9078966 
       1.2597477      -0.59288281        3.1327147 
     0.071463801       -1.7869357        1.8886150 
     -0.58098339       -2.4663303        1.2185792 
      0.36908150       -1.4731135        2.2959755 
      -1.3838419       -3.2657687       0.30559049 
       1.5715604      -0.20507548        3.4689723 
     -0.73642488       -2.6035350        1.0662242 
     0.092355072       -1.7443204        1.8524615 
     -0.46566840       -2.2411888        1.2959819 
    -0.051650672       -1.8580383        1.7741013 
      -1.5008512       -3.3065522       0.38098203 
     -0.55472292       -2.4186185        1.2147720 
       1.8446867     -0.038951881        3.6797115 
     -0.77005720       -2.5691159        1.0563716 
       1.1815503      -0.56630549        3.0588949 
     -0.65580094       -2.3804500        1.1859651 
       1.1558049      -0.55949513        3.0694053 
      0.68115502       -1.2503405        2.3999680 
      0.57218552       -1.1552126        2.3867189 
    0.0079765388       -1.7632373        1.8747352 
      0.42754194       -1.4644960        2.1646422 
      0.86988627      -0.99075430        2.5985293 
      0.72421853      -0.97076100        2.5798777 
      0.37087925       -1.4766649        2.1218240 
      0.46360297       -1.3333984        2.3103026 
      0.41200953       -1.4500257        2.0968031 
      0.43925749       -1.2919452        2.2821097 
     -0.12556014       -1.9295379        1.6161015 
     -0.47547191       -2.2123388        1.3700604 
     -0.34799386       -2.0743828        1.3393075 
      -1.0964842       -2.8637830       0.62813087 
      -1.2223207       -3.0110406       0.44641856 
      -2.6730239       -4.3768573       -1.0092704 
      -1.9077573       -3.5844939      -0.10822658 
      0.43870549       -1.3469468        2.1064835 
      -1.7442095       -3.4969549     -0.094982827 
      0.97628680      -0.76322178        2.5809315 
     -0.10912268       -1.8015845        1.5903606 
      -1.4920441       -3.1625970       0.10386533 
     -0.42174474       -1.7301023       0.96893082 
      -1.2291427       -2.3657246     -0.069751941 
      0.23483676      -0.78470836        1.3097271 
    0.0041780775       -2.0207798        1.8253775 
    -0.072781724      -0.25769136       0.10579507 
     -0.12968761      -0.30390142      0.052742235 
    -0.095314460      -0.25894752      0.084681519 
     -0.12322827      -0.29044116      0.056364322 
    -0.043202142      -0.21647959       0.13543900 
     -0.13212395      -0.30221146      0.049547873 
      0.21722418      0.032338382       0.38206527 
      0.15199212     -0.027925714       0.32219959 
    -0.062784597      -0.24458522       0.10879624 
     -0.20208212      -0.37362149     -0.017872224 
     0.083799454     -0.085643837       0.25997285 
     0.013129726      -0.15592646       0.19323497 
     0.023357550      -0.14019634       0.20842273 
     0.040065405      -0.13843304       0.21490302 
     -0.13983223      -0.30762978      0.029173942 
    -0.012876492      -0.19101603       0.16144883 
     -0.38417730      -0.58141706      -0.21077257 
     0.010847634      -0.16468056       0.19079133 
     -0.13866539      -0.31928613      0.033741997 
      0.16357136     -0.021944616       0.33864343 
     -0.24716710      -0.42605423     -0.074539066 
     -0.13594433      -0.31073507      0.037092600 
     -0.14012232      -0.30967599      0.054562893 
     -0.17339081      -0.37000412     -0.011964440 
    -0.094563540      -0.26906537      0.085972717 
     -0.10407769      -0.28771903      0.074115693 
      0.12115911     -0.062227872       0.29761683 
     -0.13709157      -0.32387322      0.036337149 
     0.047875224      -0.12726384       0.22929337 
     -0.11480959      -0.28486224      0.072125021 
    -0.025185298      -0.20808107       0.14701716 
     -0.15473865      -0.34123914      0.015763453 
     0.070371110      -0.11393820       0.23849133 
      0.12440853     -0.053687649       0.29237797 
      0.12407795     -0.053688762       0.29183930 
     0.074484972     -0.095716670       0.26323199 
     0.067599465      -0.10281109       0.25416310 
    -0.061584275      -0.24240172       0.11634249 
     -0.18086195      -0.35470063     0.0064708343 
    -0.054939406      -0.21643306       0.13605341 
    -0.061899044      -0.24352207       0.11427715 
     0.092130138     -0.086392372       0.26013449 
      0.16287963     -0.010580395       0.34166025 
     0.072101648      -0.10260989       0.24297537 
    -0.025449634      -0.19501547       0.14861507 
      0.11930563     -0.065461896       0.28309722 
      0.10540812     -0.073073677       0.27966859 
     0.058183035      -0.11823019       0.23429311 
   -0.0042379077      -0.18248714       0.16362879 
     0.080728035      -0.10248962       0.25037746 
    0.0062331824      -0.15657175       0.19055965 
    -0.030794843      -0.20782657       0.13341191 
     0.056089988      -0.11049077       0.23063727 
      0.10158076     -0.069390185       0.27832818 
      0.14869081     -0.014552891       0.32970393 
     0.016265153      -0.17507179       0.17592989 
    0.0086786683      -0.16056375       0.19165295 
     0.043091284      -0.12567508       0.22474300 
      0.12999088     -0.036537651       0.31509226 
   -0.0074455842      -0.18445165       0.15632853 
    -0.073308909      -0.24623948      0.096476859 
     -0.10178766      -0.27996967      0.065745703 
   -0.0044897077      -0.17509980       0.17012091 
    -0.044632594      -0.20788638       0.13325079 
     -0.18955198      -0.36241704     -0.016489784 
     0.064030222     -0.093868470       0.23925410 
    -0.050562150      -0.23161561       0.11440888 
     -0.12445793      -0.30204604      0.035317161 
     0.072120006     -0.093329030       0.25270817 
    -0.066395142      -0.23718480       0.10707950 
    -0.078279911      -0.25086049      0.097559038 
      0.22504500      0.050100562       0.39718684 
     0.022175436      -0.14532283       0.19718468 
    -0.093862562      -0.26889428      0.082545056 
      0.23111991      0.048815631       0.39967842 
   -0.0053105797      -0.17639196       0.17352500 
     0.062458123      -0.12033145       0.22673355 
    0.0096599077      -0.14565698       0.19240535 
     0.066046541      -0.11646499       0.23595656 
     0.065539760      -0.10927234       0.23711268 
      0.13290034     -0.045710414       0.30260048 
      0.16271770     -0.019588674       0.33289460 
      0.10178591     -0.076341003       0.27940438 
    -0.059827763      -0.23550196       0.12261111 
    -0.019737735      -0.19585682       0.15484854 
     0.020233659      -0.15152901       0.19813441 
      0.19672024      0.018185111       0.37242039 
    -0.023705295      -0.18718256       0.15073919 
    -0.082023727      -0.24892348      0.082146690 
    -0.084509276      -0.25549591      0.078705416 
     -0.13629567      -0.29730586      0.032949905 
     -0.12571777      -0.28156557      0.045526505 
     -0.28535734      -0.44597430      -0.10669089 
     -0.47445611      -0.63385127      -0.30598567 
     -0.47463298      -0.64461007      -0.30870580 
     -0.24880932      -0.41834457     -0.087309963 
    -0.031551008      -0.19410711       0.12080674 
     0.038420498      -0.10986914       0.19405536 
      0.11532026     -0.030835223       0.25575690 
    -0.080023677      -0.24244491      0.081797088 
      0.18386081     -0.026761228       0.40443566 
    0.0018564063      -0.33068264       0.33833470 
     -0.70037362       -1.7437412       0.41547511 
      0.96701108     -0.064113649        1.9731118 
      0.13645738      -0.92254794        1.0474309 
     -0.22047250       -1.1487295       0.82824762 
     -0.29580030       -1.2613569       0.70017662 
       1.1097318      0.083885946        2.0915087 
      -1.5010462       -2.5286277      -0.53216664 
     -0.91248430       -1.9048942      0.044618034 
      -1.1374589       -2.0540500     -0.097019151 
      0.40255197      -0.50771803        1.4353902 
     -0.56835711       -1.5137463       0.45206611 
      0.25866162      -0.64758180        1.2474760 
     -0.60823020       -1.4930927       0.39889671 
      0.40725317      -0.58600070        1.3467318 
      0.14785695      -0.81329906        1.0813855 
     -0.50250556       -1.4988130       0.44150405 
      -1.8013051       -2.7673448      -0.80672141 
     0.022705811      -0.93215968        1.0216538 
     -0.10900982       -1.0581237       0.82942242 
      0.46004781      -0.52775353        1.4201884 
   -0.0037659451       -1.0472507       0.90182288 
      0.96310317     -0.025647139        1.8866907 
     -0.55488191       -1.5365887       0.41362729 
      0.68416047      -0.28520400        1.6055699 
      0.38162695      -0.54157958        1.3408622 
      0.43254280      -0.49366348        1.4548563 
       1.1514812       0.24547346        2.2133997 
      0.21087937      -0.70623504        1.1679627 
      0.47727016      -0.47969412        1.3987198 
       1.4808436       0.50609376        2.4197165 
      0.90480318     -0.046152414        1.8161952 
       1.2390736       0.26157916        2.1710367 
     0.012234198      -0.92941924        1.0028738 
    -0.096655040       -1.0366076       0.84447654 
     -0.47000991       -1.3889767       0.50737636 
      0.17837211      -0.78087638        1.1000961 
     -0.63437837       -1.5491364       0.37402715 
      0.20700687      -0.77568261        1.1532597 
      0.77519720      -0.14264815        1.7578439 
      0.30273710      -0.65183941        1.2804051 
      0.41782026      -0.45413903        1.4189289 
     -0.19822820       -1.2084949       0.76159294 
     -0.17572420       -1.1706489       0.75049454 
      0.29759777      -0.63219608        1.2682351 
      0.48336906      -0.46229217        1.4364254 
     -0.29316613       -1.2742029       0.60824995 
    -0.070571567       -1.0366828       0.86978708 
     0.015481958      -0.95002384       0.93197356 
      0.41813611      -0.52437134        1.3953340 
     -0.25526170       -1.1951395       0.72186433 
      0.29940744      -0.69502530        1.2217596 
    -0.027906461      -0.99515257       0.86184508 
     -0.46134684       -1.3812523       0.48215192 
     -0.38689884       -1.3556158       0.56744723 
     -0.57692339       -1.5447985       0.31942248 
     -0.78505752       -1.7484989       0.10098562 
     -0.52427277       -1.4392903       0.43947961 
     -0.31142855       -1.2832558       0.60563226 
      -1.2249396       -2.1764457      -0.29610953 
     -0.31414053       -1.2718719       0.60260265 
    -0.090336697       -1.0983124       0.84625590 
      0.48703957      -0.51935516        1.3591924 
     -0.24257419       -1.2316253       0.68350361 
    -0.046218913      -0.97129249       0.92392000 
     -0.48831825       -1.4537787       0.47937890 
      0.58679613      -0.45137747        1.4590314 
      0.26580974      -0.66793067        1.2471600 
     0.026417332      -0.94758923        1.0015574 
    -0.054041248      -0.91268802        1.0506849 
      0.75004203      -0.16960809        1.7683953 
      0.79307271      -0.17916640        1.7523650 
     -0.73698536       -1.7756856       0.19151767 
      0.33863462      -0.58858604        1.3056420 
      0.55839962      -0.41227496        1.4666156 
     -0.43073471       -1.3609252       0.55571378 
      0.57137998      -0.31568690        1.5702579 
     0.055175719      -0.88198165        1.0023176 
    -0.029962576       -1.0927071       0.82495875 
      0.90656722     -0.062451227        1.8458640 
     -0.58032118       -1.5330530       0.31818080 
     -0.58776868       -1.5447112       0.38039923 
     0.032873660      -0.96500985       0.96052376 
     -0.88406218       -1.8478080       0.11469293 
      0.18084138      -0.80276334        1.1133050 
      0.40330914      -0.52359028        1.4089351 
     -0.52692228       -1.5752377       0.39871060 
      -1.0428067       -2.0580274     -0.095638394 
     -0.79298099       -1.7603858       0.18666934 
     -0.81372803       -1.7545879       0.10767357 
     -0.90783545       -1.9049745     -0.021837358 
      -1.2273879       -2.1901646      -0.26711687 
     -0.97372462       -1.9643996   8.1642002e-005 
      -1.7550386       -2.7365693      -0.76739999 
       2.1808775        1.1599653        3.2076268 
       1.3647041       0.39945836        2.3855783 
       1.8449763       0.85262137        2.8987943 
      0.91428969     -0.065493075        1.8450523 
       1.9582698       0.99289516        2.8916556 
       1.1377837       0.14567620        2.1244689 
      0.85809469      -0.20720307        2.0029156 
      0.77094516      -0.20758686        1.6431248 
    -0.012933366       -1.3009749        1.3261349 
    -0.037481609      -0.68581229       0.70691918 
     0.068623430      -0.66172932       0.75272714 
     -0.11989833      -0.82683527       0.58735944 
     -0.15900499      -0.89364556       0.51541155 
     -0.21021018      -0.93313400       0.47891895 
      0.30005339      -0.41113228        1.0162165 
    -0.054186405      -0.71371607       0.69496031 
     -0.16912797      -0.90671716       0.49345143 
      0.51193565      -0.26519406        1.1899269 
     -0.10695320      -0.81015008       0.62030492 
     0.051857921      -0.64138516       0.76134035 
    -0.037864726      -0.75877349       0.65160819 
     0.078512819      -0.70909704       0.70881608 
      0.15195448      -0.59509986       0.81793494 
     0.035628585      -0.64637727       0.74072794 
     -0.45824109       -1.1534191       0.28407531 
   -0.0091780087      -0.71383315       0.69953593 
      0.12644776      -0.58226760       0.81777832 
      0.27851892      -0.43473043       0.97755923 
     0.014034459      -0.68544798       0.75599627 
    -0.025962422      -0.70666478       0.70824837 
     -0.26578817      -0.97600092       0.40785160 
     0.060161781      -0.63100850       0.76899712 
      0.26124818      -0.44168630       0.96831598 
      0.10868889      -0.58963500       0.81594037 
     -0.11886235      -0.82461444       0.57053079 
      0.15947484      -0.53908806       0.87353064 
   -0.0044551596      -0.75366929       0.65759600 
     -0.11175853      -0.80565184       0.56723788 
     0.098388310      -0.60322564       0.77861822 
    -0.078749598      -0.76787033       0.60933505 
     -0.16478342      -0.83008175       0.54521938 
     -0.10595354      -0.79519225       0.64660387 
    -0.079419444      -0.75922525       0.60989644 
     0.074935351      -0.62621910       0.76898782 
     0.075579125      -0.59776414       0.78738161 
      0.13862995      -0.56160098       0.86785890 
     0.069077944      -0.63916822       0.76287667 
     -0.15965896      -0.83279063       0.57374795 
     0.057407027      -0.66420105       0.75170331 
     -0.21522510      -0.92787822       0.49969052 
     -0.15519105      -0.84470793       0.56176538 
     0.071343386      -0.62186926       0.79363124 
    -0.064478465      -0.70868471       0.67633762 
    -0.063473151      -0.73479714       0.65769700 
      0.16903346      -0.56388329       0.81160529 
     0.069258139      -0.64902484       0.73620498 
    -0.058769511      -0.76621384       0.64134961 
      0.41477328      -0.28205743        1.1117265 
    -0.022100060      -0.73078384       0.69621780 
     -0.19238468      -0.92157653       0.48229463 
     0.013472624      -0.68206945       0.71051537 
    0.0091708214      -0.65886520       0.70537879 
    -0.060395050      -0.71927750       0.64742811 
     -0.14559192      -0.88983193       0.50751575 
     -0.15315817      -0.83605141       0.56434086 
      0.21988707      -0.48848298       0.89992914 
     0.056755795      -0.69167731       0.75111489 
      0.13723034      -0.60885312       0.78312373 
     -0.10663707      -0.80793501       0.60767199 
    0.0060758552      -0.70215709       0.69730052 
    0.0090701161      -0.66085475       0.72887305 
    -0.042692066      -0.74200180       0.65077438 
     -0.26587619      -0.93649437       0.43420730 
     -0.27535044      -0.95962387       0.43468284 
     0.044821276      -0.60878100       0.76661209 
      0.21893206      -0.45263626       0.95364358 
      0.19487475      -0.50474844       0.88871061 
 -2.0916615e-005      -0.69803011       0.68620856 
      0.30069116      -0.38284912        1.0169403 
     -0.10829133      -0.85275004       0.56842488 
     -0.21198456      -0.91038237       0.50630300 
    -0.048521647      -0.73786434       0.66529343 
      0.16179507      -0.50705575       0.87856538 
    -0.086266959      -0.76473277       0.57437966 
     -0.18275436      -0.87451464       0.52336166 
    -0.037649670      -0.72586536       0.63264020 
      0.11779907      -0.55085300       0.80782342 
    -0.069718706      -0.80211398       0.57162624 
    -0.064925512      -0.77121945       0.63581017 
     0.079075044      -0.58205274       0.76661947 
     -0.16357637      -0.87331802       0.49039847 
     0.027380850      -0.66790365       0.73390780 
     0.045902921      -0.63734579       0.75018089 
    -0.036327492      -0.69269863       0.64506442 
      0.11289087      -0.57326645       0.78745680 
      0.15957280      -0.48560726       0.86537911 
     0.057923441      -0.62435895       0.74508395 
     0.029826915      -0.66625460       0.67937688 
      0.12763454      -0.52859017       0.81903990 
    -0.032778665      -0.71670254       0.62635987 
     0.066880474      -0.60491954       0.70322344 
     -0.17250265      -0.87264150       0.48138594 
     -0.25726693      -0.91739286       0.40355425 
     -0.35990713       -1.0197419       0.32518961 
      0.14110958      -0.51042348       0.80100541 
     0.035268651      -0.61296521       0.70648070 
      0.18089350      -0.50547282       0.81713466 
   -0.0091348575      -0.64626524       0.64960743 
      0.27979788      -0.36734069       0.90170051 
     -0.23966720      -0.88920527       0.41844285 
   -0.0058139536      -0.64911538       0.68203282 
       0.88058126      0.046099927        1.7651610 
     -0.69383547       -1.5078503       0.14910649 
     -0.89089124       -1.7309398     -0.072573041 
     -0.42015112       -1.1558886       0.45525187 
      0.44778692      -0.36390985        1.2110860 
     -0.46208490       -1.3404798       0.39652915 
      0.21537271      -0.63088456       0.95139217 
    -0.039749320      -0.82249948       0.75624885 
      0.68993946      -0.16980396        1.5967543 
     -0.43222092       -1.2984390       0.33267021 
      0.56549283      -0.19250392        1.3620980 
     -0.60806542       -1.3743773       0.22138432 
      0.17588322      -0.60419292       0.97219569 
     -0.10327243      -0.93653006       0.67055874 
     -0.35728828       -1.1682598       0.43650156 
      0.15092873      -0.74129839       0.94311204 
      0.34395882      -0.53036631        1.2658603 
       1.1702411       0.29345926        2.0517364 
      0.16938757      -0.70881243        1.0407149 
     -0.23831518       -1.0297196       0.59013588 
     -0.60306023       -1.4231189       0.30442512 
     -0.93158711       -1.7403467     -0.096241472 
      0.55393184      -0.37625897        1.3336860 
      0.70863922      -0.14996038        1.6104795 
      0.43595049      -0.35710186        1.3167334 
     -0.28250613       -1.1068795       0.53577776 
       1.3983432       0.54087091        2.2071538 
      0.17522800      -0.63584976       0.92583769 
      0.54267399      -0.30700621        1.3397273 
     0.092610728      -0.72163193       0.91785938 
     0.067992273      -0.76870420       0.89779827 
      0.16192173      -0.69838851        1.0021678 
       1.0926079       0.26161446        1.9139238 
     -0.21806132       -1.0780039       0.56166412 
      0.46858645      -0.38882639        1.2717898 
     -0.77610392       -1.6017865      0.064105157 
      0.59627932      -0.30753549        1.3821975 
      0.34706994      -0.46945182        1.1522110 
     -0.72158370       -1.5728757       0.11180175 
    -0.078532027      -0.91760895       0.72998807 
      0.41816151      -0.40291735        1.2727900 
    -0.069398097      -0.84682631       0.79219996 
      0.55807960      -0.27594971        1.4028105 
      0.30203376      -0.52150607        1.1042804 
     -0.14175206      -0.96503971       0.66418203 
     0.030970708      -0.79651469       0.84040900 
      0.39545742      -0.40894200        1.2056214 
      0.55896395      -0.26949388        1.3900989 
     -0.26503150       -1.1227339       0.57179916 
      0.26459567      -0.51893155        1.1810061 
    -0.046223231      -0.95353911       0.74509472 
    -0.072587594      -0.89699567       0.72564619 
      0.65543902      -0.15662908        1.4635835 
     0.057536338      -0.73755257       0.87770141 
     -0.17221097      -0.93478599       0.71492504 
      0.38913105      -0.40821737        1.2186379 
      0.18056733      -0.67295973        1.0112305 
      0.37938190      -0.46116593        1.1899184 
       1.1867366       0.27293530        1.9650870 
     -0.29162233       -1.1018767       0.59461502 
     0.050908834      -0.78219566       0.89744851 
     -0.64937717       -1.5095006       0.18351321 
     -0.48708279       -1.3092875       0.34331022 
     -0.61517598       -1.4866327       0.21604288 
      -1.0734834       -1.8888002      -0.20710794 
      0.20515074      -0.59297744        1.1145788 
     0.079855314      -0.76346436       0.91871424 
      0.19125361      -0.62355455        1.0398250 
     -0.24965706       -1.0361044       0.55190099 
     0.034658509      -0.75422714       0.86153700 
      0.46243403      -0.34302816        1.2856114 
      0.43110735      -0.43120101        1.2379747 
      0.36531165      -0.43792193        1.1934119 
     -0.32559996       -1.1701531       0.49241858 
      0.47805799      -0.38032869        1.2863731 
      0.17113865      -0.69905262       0.96743937 
    -0.029046324      -0.84247579       0.84946452 
      0.12882415      -0.73187889       0.94164013 
     -0.28607974       -1.1218051       0.60759081 
     -0.11741035      -0.99953571       0.72964050 
     0.047948906      -0.87289380       0.88743979 
      0.10828913      -0.80951620       0.98988655 
     -0.80437031       -1.6921240      0.071722888 
     -0.69622789       -1.5623581       0.20117395 
     -0.92222025       -1.7938885      0.022366615 
     -0.37141331       -1.1919409       0.58256221 
     -0.11818480       -1.0104037       0.77034081 
     -0.61654557       -1.4816009       0.22376939 
     -0.55607671       -1.4891593       0.21063785 
     -0.32771430       -1.1711258       0.49184082 
     -0.22509862       -1.0987074       0.63069086 
     -0.46324941       -1.3734239       0.49016676 
      -1.7662515       -2.8038780      -0.75408427 
      -3.5560350       -4.5186407       -2.5695261 
      0.46062376      -0.52954999        1.4343201 
       1.8764738       0.96991082        2.7853112 
       1.2034892       0.39519957        1.9755849 
       1.0550974       0.29209745        1.7598888 
       1.7262360        1.0299188        2.3821497 
      0.51112292      -0.22000262        1.1882516 
     -0.42329478       -1.1747697       0.30143070 
    0.0023359448       -1.4957700        1.3617897 
   -0.0034187128       -1.0319936        1.0369832 
    -0.011103825       -1.0232939        1.0551724 
    -0.011417358       -1.0289948        1.0234320 
   -0.0077890578       -1.0246912       0.97151355 
    0.0018377187       -1.0541679       0.99103234 
    -0.012546718       -1.0239732        1.0996693 
  -0.00053228894      -0.99907158        1.0936557 
   -0.0095759798       -1.0698352        1.0242885 
    0.0077739300       -1.0429256        1.0220157 
    -0.014006615       -1.0384883       0.99929990 
    -0.010349177       -1.0462851        1.0646774 
   -0.0072727371       -1.1154818       0.98353946 
     0.010570286       -1.0441460        1.0441745 
    0.0020481046       -1.0729336       0.98066904 
    -0.019654144       -1.0239504        1.0622312 
    0.0022714712       -1.0866169        1.0047182 
     0.011774867       -1.0465290        1.0504388 
   -0.0038522753       -1.1154408       0.95519529 
    -0.016446444       -1.0515480       0.96948149 
   -0.0044782003       -1.0876326       0.97821803 
   -0.0015034267       -1.0935220        1.0170455 
  -0.00070754434       -1.0145300        1.0241592 
    0.0013006729       -1.0546457        1.0559571 
    -0.011376767      -0.97184763        1.0665247 
    0.0061181032       -1.0314849        1.0489231 
    -0.014996027       -1.0446959        1.0185822 
     0.014023305      -0.96580912        1.0841423 
   -0.0020706080      -0.99253012        1.0910415 
    -0.019382611      -0.98797667        1.0444790 
   -0.0045951624       -1.0483536        1.0069691 
    -0.017979691       -1.0431330        1.0623016 
    -0.015529178       -1.0508415        1.0195828 
    -0.016067221       -1.0453350        1.0245886 
   -0.0050928788       -1.0583095       0.99762596 
   -0.0073333170      -0.98576440        1.0813532 
    -0.011502997       -1.1038053       0.95955187 
   -0.0051349023       -1.0455826        1.0190146 
   -0.0084702309      -0.98181954        1.0708165 
   -0.0071461099       -1.0294148        1.0150855 
   -0.0029458548       -1.0408829       0.98599585 
   -0.0016612301       -1.0611247        1.0027404 
     0.014433732      -0.99849048        1.0471167 
    -0.015675586       -1.0466611        1.0337384 
     0.012788063       -1.0417512        1.0213129 
     0.010222306       -1.0681860        1.0189992 
   -0.0083930498       -1.0539972        1.0230215 
    0.0069309280       -1.0280731        1.0656164 
    0.0047648850       -1.0350303        1.0186824 
     0.013512223       -1.0600236        1.0268482 
  6.5600034e-005       -1.0650004        1.0010655 
    0.0063723140       -1.0177656        1.0244670 
   0.00091110592       -1.0656686        1.0484014 
    0.0056946696       -1.0776532       0.98374476 
    0.0087406398       -1.0186350        1.0978807 
     0.012993827       -1.0230520        1.0206116 
     0.019039022       -1.0175802        1.0382029 
     0.012164945       -1.0306890        1.0295271 
     0.022186983       -1.0007594        1.0665412 
     0.020203244       -1.0814248        1.0388597 
     0.010012738       -1.0769091        1.0081914 
    0.0015602610       -1.0838271       0.95726657 
    0.0051646001      -0.96555280        1.1396705 
    0.0095697837       -1.0653509       0.96497832 
  -0.00086740521      -0.98463357        1.0937727 
   -0.0064372923       -1.0157266        1.0363507 
   -0.0031003431       -1.0212458        1.0556760 
    0.0092657532       -1.0130154        1.0808753 
   -0.0047780888       -1.0288653        1.0310832 
    0.0025459543       -1.0689278       0.99391458 
    0.0074074305       -1.0026670        1.0553599 
   -0.0040847005       -1.0294111        1.1184366 
    -0.011731446       -1.1131630       0.98019338 
    0.0019518617       -1.0388322        1.0187005 
   -0.0013021261       -1.1069387       0.97078597 
   -0.0028838557       -1.1059864        1.0127324 
   -0.0096128374      -0.99346660        1.0985530 
   0.00079965488      -0.96952329        1.0677776 
    -0.011035413       -1.0892345        1.0016155 
    0.0092190459       -1.0550596        1.0459237 
   -0.0057335301       -1.0172629        1.0801773 
   -0.0028379516       -1.0342604        1.0199861 
   -0.0083609127       -1.0082786        1.0856944 
    -0.017520334       -1.0808430       0.95385748 
     0.018729056      -0.93332701        1.1052557 
   -0.0097401089       -1.0208482        1.0471494 
    -0.010201420       -1.0426602        1.0138292 
   -0.0019076413       -1.1067311       0.96299190 
     0.011908014       -1.0408918        1.0109925 
    0.0045104964      -0.99434256        1.1009610 
    0.0096472642      -0.97666308        1.1090525 
    0.0063173753       -1.0698310        1.0175589 
    0.0091072565       -1.0282102        1.0131081 
     0.015579151      -0.98759374        1.0522325 
    0.0070801278      -0.99554589        1.0613894 
     0.018245540       -1.0340071        1.0309782 
    -0.013330590       -1.0864887       0.95798518 
     0.023790128       -1.0700170        1.0543690 
     0.019909460       -1.0429576        1.0278480 
    0.0083425911       -1.0050324        1.1086374 
    0.0046338527       -1.0274851        1.0242700 
   0.00054765291       -1.0034888        1.1035285 
   0.00051402466      -0.99456081        1.0673127 
      0.12225224      0.051237880       0.18959151 
     -0.12118300      -0.18748433     -0.052432719 
     -0.11034862      -0.16936335     -0.042875113 
     -0.26337390      -0.32888382      -0.20618610 
      0.18068670       0.11899659       0.24250795 
     -0.20061509      -0.26072888      -0.13998364 
     0.068567854     0.0028413423       0.12620046 
     0.061800401    0.00053034947       0.11838495 
     -0.16573976      -0.22653458      -0.10713956 
     -0.13702927      -0.19681350     -0.077895975 
      0.11241785      0.049183518       0.17728031 
      0.11605115      0.054698785       0.17727757 
      0.14068485      0.084321337       0.20272391 
      0.31027914       0.25170125       0.37020758 
     0.055948510    -0.0047765556       0.12065805 
    0.0047931552     -0.054000959      0.069132547 
    -0.027886980     -0.089888322      0.032020524 
     0.031042261     -0.029760073      0.088693163 
     0.088396476      0.031278658       0.15072427 
     0.095184674      0.037928266       0.15665711 
    -0.073669578      -0.13547471     -0.011679721 
     -0.16919463      -0.23266335      -0.10937788 
     0.026825745     -0.033981587      0.087053067 
   -0.0077647693     -0.066475102      0.053193198 
     -0.14788192      -0.20990569     -0.088282580 
    -0.048507936      -0.10628253      0.014879089 
   -0.0094812807     -0.070782269      0.048181770 
    -0.090859409      -0.15153373     -0.032409904 
    -0.071398189      -0.13443437     -0.014609114 
     0.019975737     -0.039439277      0.079796136 
    -0.022119051     -0.076578800      0.041910615 
   -0.0056415141     -0.063804424      0.053496118 
    -0.068222458      -0.12313163    -0.0057207403 
     0.020320772     -0.040690296      0.078406451 
      0.14799446      0.089843275       0.20940842 
     0.076452687      0.014968576       0.13135578 
      0.14325875      0.081631000       0.19797924 
      0.13971458      0.085962174       0.19891848 
     0.069892098      0.011824915       0.12746557 
     0.023815892     -0.032283308      0.084238089 
     0.022648753     -0.033689003      0.081981866 
    -0.022962388     -0.079154630      0.034968932 
   0.00093013161     -0.053433656      0.056176411 
    0.0024008685     -0.050033270      0.060761975 
   -0.0049065537     -0.061494719      0.047797223 
     0.013846148     -0.038027677      0.070576745 
     0.042355201     -0.015570909      0.097015357 
     0.017273869     -0.040316008      0.074532051 
     0.020425406     -0.033780797      0.076465753 
     0.036729060     -0.018120687      0.092434374 
     0.064369178     0.0077458234       0.12038331 
     0.044517713     -0.013015590       0.10090315 
     -0.15676597      -0.21420575      -0.10108201 
     0.026064790     -0.029909272      0.083880364 
    -0.022254325     -0.078120520      0.036227803 
     0.092151402      0.032548292       0.14874747 
     0.029813367     -0.029580637      0.087759703 
      0.14334601      0.084684447       0.20397002 
      0.22389321       0.16661749       0.28857732 
      0.12063865      0.057359948       0.18148977 
      0.12025180      0.061559541       0.18711449 
     -0.10650623      -0.16897808     -0.043160906 
     -0.21831355      -0.27692324      -0.15813953 
     -0.17655612      -0.23157342      -0.11941443 
     -0.29928150      -0.35706223      -0.24270163 
    -0.079965568      -0.13816603     -0.020304543 
    -0.043452476      -0.10411267      0.011211869 
    -0.025303456     -0.081578830      0.030107213 
     -0.13683685      -0.19450076     -0.082685862 
    -0.033612811     -0.092280165      0.018493286 
    -0.032549818     -0.089936894      0.022859107 
    -0.092718337      -0.15483696     -0.041803096 
    -0.084525446      -0.14426786     -0.028464100 
    -0.096644147      -0.15428390     -0.039347277 
     -0.13109910      -0.19301358     -0.075303432 
    -0.013433886     -0.069910091      0.051662820 
  -0.00014533166     -0.057122731      0.061130814 
    0.0035417136     -0.050824954      0.064283991 
    0.0095537859     -0.046092676      0.067557443 
     0.061931208     0.0015316576       0.11908343 
     0.076170333      0.018267329       0.13413146 
     0.069422761      0.011622946       0.12663281 
     0.082900229      0.023772304       0.14181874 
     0.091165780      0.029883513       0.14524815 
     0.059229780     0.0054723296       0.12026381 
     0.079586168      0.021356784       0.13667370 
     0.087230451      0.028116205       0.14096620 
     0.039515736     -0.017486902      0.096417657 
    -0.050802725      -0.10637606     0.0037019396 
     -0.30972678      -0.36640179      -0.25654070 
     -0.14012012      -0.18957925     -0.087327124 
    -0.033669286     -0.085074236      0.015804767 
     -0.35202410      -0.40481821      -0.30167103 
     0.016600834     -0.038909744      0.072478531 
     0.078688040      0.023849505       0.13313011 
      0.11266990      0.058949053       0.16825238 
      0.14373149      0.092848461       0.19445813 
      0.16324964       0.11336532       0.21744778 
      0.15985736       0.10395798       0.21477907 
      0.17168814       0.11570146       0.22939314 
      0.17901604       0.13198758       0.22683609 
   -0.0018075655      -0.19743426       0.21335604 