       1.0000000 -th   shock  
mean    low band   high band

     -0.21059807      -0.47642005      0.053259981 
     -0.17878304      -0.48443533       0.12131632 
     -0.28420685      -0.53671119     -0.041595880 
    -0.059999905      -0.31286596       0.18910027 
      0.11838361      -0.16141256       0.40434073 
     -0.38483963      -0.72379526      0.032023588 
     0.054199609      -0.18668618       0.30323753 
      0.13527539      -0.16058814       0.39830029 
     0.067172780      -0.28235417       0.42733317 
     -0.16494024      -0.43818250      0.067389855 
    -0.062511018      -0.28906872       0.17418143 
     -0.16526624      -0.41448164      0.069978383 
      0.12891569      -0.11920379       0.35300407 
     -0.46775340      -0.71032733      -0.21944929 
     -0.37420440      -0.62653562      -0.16255166 
      0.11828091      -0.24808670       0.45589349 
     -0.18191061      -0.44082987      0.073820358 
     -0.35694291      -0.62370904      -0.12085829 
    -0.080152371      -0.31011289       0.18937325 
    -0.095123615      -0.36510878       0.17495153 
     -0.77243891       -1.0321810      -0.52136832 
     -0.80829974       -1.0541170      -0.55697646 
      0.19307498     -0.030932329       0.44768307 
     -0.13709388      -0.42562924       0.17526074 
    -0.017300597      -0.23881480       0.22474695 
    -0.060560625      -0.36019155       0.21883065 
      0.32135772      0.042225220       0.60788458 
      0.14760994      -0.12962090       0.44131434 
      0.13745350      -0.16168794       0.40396689 
     0.073642875      -0.15147669       0.30704563 
     -0.28170174      -0.50548533     -0.026075067 
      0.13338834      -0.16916821       0.41016930 
      0.11427808      -0.11325643       0.36777888 
    -0.012321378      -0.23784508       0.23155779 
      0.12412893      -0.11452978       0.35669295 
     -0.15347517      -0.39928966       0.12357110 
      0.18533402     -0.074421417       0.40917527 
     -0.14091417      -0.36109953       0.10214294 
     0.077100310      -0.15918902       0.32511541 
    -0.061497653      -0.30113353       0.17563678 
     0.099393451      -0.13336132       0.33606712 
     -0.16043704      -0.38726278      0.062843321 
      0.58629212       0.35883757       0.82248876 
     0.072373330      -0.16960132       0.32062609 
     0.028724311      -0.20686560       0.27155691 
     0.047165289      -0.21249202       0.32895778 
      0.36299943      0.094703719       0.59163690 
      0.57114802       0.34852303       0.80271844 
      0.44428907       0.18501073       0.74379305 
      0.51890649       0.26379155       0.79319921 
      0.25621202     -0.090920265       0.58890282 
     0.072065852      -0.18228893       0.30410097 
      0.26052351     -0.018885930       0.50837567 
      0.47509248       0.23173844       0.71944298 
      0.13762745      -0.14322960       0.40430098 
      0.16298421     -0.099021904       0.44948314 
      0.37537910       0.13900141       0.62439654 
     -0.26906660      -0.52425088     -0.014478666 
      0.51205045       0.23278358       0.77941311 
    -0.082855847      -0.40755956       0.18123881 
    -0.057368296      -0.30539550       0.21951404 
     -0.59847980      -0.88142325      -0.34237833 
    -0.016349787      -0.36914610       0.27309214 
     -0.10859319      -0.37806076       0.16948688 
     -0.30435548      -0.62270797     0.0065886412 
      0.24517678     -0.017710628       0.51419211 
      0.15505477      -0.12788532       0.43074283 
     0.075329765      -0.17425424       0.35152610 
      0.10895764      -0.16093443       0.34615896 
     -0.22773223      -0.54640936      0.053522287 
    -0.068069488      -0.34319404       0.20787985 
     0.081764421      -0.24087652       0.41107195 
    -0.095612135      -0.31815025       0.15010479 
     -0.44506303      -0.65661134      -0.19475389 
     -0.14276906      -0.36643540      0.099291897 
     0.063670885      -0.18922093       0.30611783 
     -0.22028375      -0.45372520      0.027103748 
     -0.23703677      -0.48826928      0.039243796 
     -0.15847165      -0.39403469      0.087329015 
     -0.65618264      -0.89316781      -0.41669400 
     -0.15515196      -0.39807231       0.11418635 
     -0.18322932      -0.42016592      0.062761318 
     -0.36036649      -0.61628613     -0.087931414 
     -0.16271926      -0.44384188       0.10119023 
    -0.049876064      -0.28115021       0.20422412 
     -0.45915142      -0.74010793      -0.17517812 
     0.088354670      -0.15266596       0.33299214 
     -0.20329652      -0.44252337      0.021695397 
     -0.16223108      -0.39208193      0.075669544 
     -0.14202865      -0.38139283       0.11180270 
     -0.62165054      -0.91120016      -0.33561254 
     -0.81199391       -1.0720927      -0.58537842 
     0.018389374      -0.32041890       0.33327051 
     -0.96727808       -1.3535414      -0.61996381 
     -0.38868977      -0.66157542      -0.13200868 
      0.87959077       0.54841136        1.2690494 
      0.63851434       0.36052582       0.89763735 
      0.21350512      -0.10004559       0.49748368 
      0.33742000      0.096490312       0.56435984 
     0.039869373      -0.22170143       0.30662855 
      0.36959899       0.11802691       0.63853563 
    -0.010454776      -0.66708751       0.68744928 
       2.0000000 -th   shock  
mean    low band   high band

     -0.37013558       -1.1376248       0.49811914 
      -1.2927536       -1.9507112      -0.61995721 
     -0.86644008       -1.5580688      -0.20371515 
     -0.31285016      -0.95021762       0.40939282 
    -0.034449467      -0.68868994       0.59662600 
      -1.5365277       -2.1660682      -0.88882589 
       1.0959347       0.34873258        1.7155072 
      0.93987830       0.22404740        1.5819579 
      -1.3964469       -2.0455420      -0.74660038 
      0.14098961      -0.51317143       0.81137250 
       1.0497627       0.43360785        1.7293339 
      0.68613615      0.023533236        1.3626824 
      0.77186898       0.11951368        1.4661767 
       1.1343564       0.46474574        1.7998415 
     -0.85644752       -1.4842292      -0.17252056 
      0.70809177       0.11587660        1.3389720 
    -0.015626637      -0.74615767       0.64333360 
     -0.26163721      -0.90347184       0.43144369 
   -0.0041891733      -0.71823843       0.64054942 
      0.30832664      -0.40453323       0.95093403 
      -1.3442923       -2.0088153      -0.66003089 
     -0.33777297       -1.0843808       0.35179436 
      0.44686685      -0.26566996        1.0874382 
     -0.80425069       -1.4957960     -0.096703072 
      -1.2630765       -1.9085794      -0.58968451 
      0.39778981      -0.25788664        1.1141527 
     -0.93986465       -1.5832422      -0.30377379 
     0.028691818      -0.64070559       0.66122051 
      0.37279203      -0.25568188        1.0583973 
     -0.56423568       -1.2267800      0.024828999 
     -0.48595596       -1.1445117       0.18319574 
     -0.15153703      -0.75052205       0.57792449 
    -0.049388326      -0.69165821       0.60116434 
      0.52692921      -0.13003677        1.1589703 
      0.74126492       0.10113366        1.3683006 
      0.48307116      -0.17043918        1.1295861 
      0.78821584       0.16675758        1.4402001 
      0.18865767      -0.42662797       0.89896916 
     -0.22841510      -0.90428855       0.41732528 
     -0.19204823      -0.81698612       0.42749685 
     -0.53062259       -1.1823394      0.083577909 
     0.070297901      -0.54429864       0.73763804 
      0.72884631      0.082549381        1.3997753 
     -0.35373884       -1.0479682       0.22306392 
     -0.63792976       -1.2953966     0.0031305023 
      0.18085566      -0.50301380       0.79217365 
     -0.38516324       -1.1094789       0.24183310 
      0.17074272      -0.52560890       0.87208011 
     -0.15280935      -0.85090450       0.53006111 
     0.047769214      -0.57086352       0.73068286 
     0.062113200      -0.57964457       0.71671089 
     -0.28565943      -0.95568813       0.34903435 
     -0.68547848       -1.3750115     -0.015249739 
      0.22489858      -0.40475785       0.94129236 
      0.58808262     -0.055103535        1.2166244 
      0.63620155    -0.0069267488        1.2688860 
      0.20412849      -0.47999133       0.86124201 
      0.10053601      -0.59221348       0.71871267 
      0.80270994       0.11341904        1.4721876 
      0.97985450       0.35757014        1.6577330 
     0.084107648      -0.53274741       0.75802570 
     -0.71008932       -1.3994517     0.0074997646 
     -0.40499481       -1.1227759       0.27468502 
     -0.48191405       -1.1573694       0.26255542 
       1.1786468       0.51986586        1.8932781 
     -0.42355350       -1.0757389       0.26743686 
      0.15308600      -0.47975366       0.77415892 
     -0.55637787       -1.1890044       0.10654637 
     -0.36582190       -1.0304575       0.26983739 
     -0.98818821       -1.5687141      -0.29034895 
     -0.58024558       -1.2462578      0.022939813 
      0.85890869       0.17142283        1.4910624 
     -0.81495538       -1.4579705      -0.12739194 
     -0.24461958      -0.85766390       0.42343629 
     -0.13874951      -0.79240747       0.52646969 
      0.32263272      -0.34311756       0.95746437 
      0.25796120      -0.31749934       0.94770160 
      0.23092446      -0.35387899       0.94103097 
     -0.45775914       -1.0644313       0.25439195 
      0.37408711      -0.28546548        1.0067288 
      0.70595892      0.032071741        1.3225869 
      0.56271569     -0.080684746        1.2061391 
      0.72614881      0.076575643        1.3814267 
     0.019914884      -0.67487248       0.62489913 
      0.60637444     -0.023360611        1.2430874 
      0.24996542      -0.36175839       0.91194347 
      0.28864898      -0.34882143       0.94712426 
    -0.047816535      -0.66688747       0.65168292 
     -0.33043214       -1.0212755       0.27673168 
      -1.2060862       -1.9199125      -0.55287500 
      -1.2084650       -1.8576645      -0.53349791 
      -1.9219814       -2.6970901       -1.2712363 
     -0.68962711       -1.4194650      0.025284198 
       1.5415242       0.70158750        2.3335750 
     -0.53224028       -1.2822342       0.16971032 
      0.16607478      -0.55077938       0.98877213 
      0.63480046      -0.12295513        1.2674379 
     -0.59384136       -1.1877909       0.10716709 
     0.029503937      -0.64508548       0.62721652 
     -0.75416921       -1.4345692     -0.083159111 
       1.3606709       0.63307171        2.0903186 
    0.0061258399       -1.3849013        1.3383003 
       3.0000000 -th   shock  
mean    low band   high band

     -0.38978590      -0.58273612      -0.20169635 
    -0.029739820      -0.18038784       0.12881555 
     0.039387433      -0.11555928       0.18948850 
     -0.21804750      -0.36585283     -0.058648504 
    -0.095371068      -0.24437608      0.060936333 
    -0.016672509      -0.16792136       0.16071669 
     0.074480586     -0.089439417       0.23633349 
      0.17164923      0.011935530       0.32529077 
     0.072062885      -0.10333281       0.23497944 
     -0.23858420      -0.41227654     -0.094033139 
     0.011141102      -0.14048267       0.16026161 
      0.11768455     -0.025612351       0.26764267 
    0.0052388425      -0.15660329       0.14769274 
     0.050354895      -0.10046826       0.19369902 
     0.015367492      -0.11878403       0.17444104 
    -0.053999971      -0.21620883       0.10360884 
     -0.54618553      -0.70820486      -0.38326634 
     -0.10262880      -0.26452737      0.060753912 
    -0.027478091      -0.19418715       0.14238299 
      0.28684036       0.11379048       0.44910663 
    -0.087057096      -0.24774677      0.071819787 
     -0.22974132      -0.37857528     -0.057357978 
     -0.21391361      -0.36379537     -0.061103172 
     -0.19330538      -0.37877511     -0.027343705 
     0.027962418      -0.14499197       0.19047872 
     -0.19719840      -0.35433606     -0.039948046 
      0.24140388      0.084772289       0.40217071 
     -0.11543222      -0.26966758      0.038422235 
    0.0021357432      -0.14884974       0.15528912 
    -0.027632294      -0.17748620       0.13445796 
     0.038246586      -0.12194730       0.18584981 
     -0.12419567      -0.28606181      0.019889196 
     0.027706637      -0.13043885       0.17783660 
      0.13488790     -0.017662067       0.29858407 
      0.15112615      0.012109192       0.31301806 
      0.18940584      0.038316357       0.35091438 
     0.026335649      -0.12285799       0.18985374 
     -0.14499761      -0.30770885      0.012691789 
     -0.11265853      -0.26889351      0.030534839 
    -0.032588094      -0.17328119       0.12433829 
    -0.067401154      -0.20632444      0.081898469 
      0.12319549     -0.025476086       0.27413039 
      0.15442472   -0.00083051105       0.31020440 
      0.11564799     -0.054480744       0.27252890 
     0.052081482      -0.10747565       0.21557980 
      0.10398825     -0.073330861       0.27083474 
      0.19394508      0.014100388       0.36197748 
     0.047893291      -0.11266416       0.20360244 
    -0.033362115      -0.20988126       0.12509473 
     0.070572189     -0.080714217       0.23076709 
    0.0076178268      -0.14694907       0.15792727 
    -0.031781261      -0.17776866       0.12611559 
     0.029404880      -0.11894977       0.17256481 
      0.22467177      0.072815578       0.36963621 
      0.13344630    -0.0061949442       0.30113921 
    -0.068322017      -0.22332015      0.079590782 
     0.053778621     -0.085365999       0.21729021 
     0.018916435      -0.13445477       0.16412727 
      0.18639437      0.028637908       0.33947048 
    -0.082740454      -0.21975248      0.094321353 
   -0.0027612032      -0.15143155       0.16565617 
    -0.091286442      -0.25795159      0.072110476 
      0.16041493     -0.011347908       0.32553646 
      0.11845217     -0.091182879       0.28591453 
     -0.54277532      -0.72071713      -0.34756734 
      0.13404970     -0.026537765       0.29007768 
    -0.095754725      -0.24176708      0.062013609 
     -0.14611395      -0.30180882     0.0068493194 
     0.077560492     -0.073630716       0.23239244 
    -0.025064684      -0.18160922       0.12074524 
    -0.097159192      -0.24216728      0.063217319 
     0.087906635     -0.072989430       0.24627656 
     0.099710752     -0.062601625       0.27470124 
     -0.18370829      -0.33560597     -0.030045722 
      0.31035212       0.14716927       0.45475964 
     0.041026533      -0.11785579       0.21572173 
     0.049016139      -0.10300558       0.19959467 
    -0.060805876      -0.22328717      0.088690096 
      0.32509485       0.16298005       0.48650217 
    -0.031622337      -0.17978788       0.12202112 
     0.081414149     -0.069028473       0.23001454 
      0.16747020      0.018381859       0.32435179 
     0.083189335     -0.061841991       0.24403561 
     0.025879353      -0.13922121       0.17226803 
    0.0059585411      -0.14734465       0.15933431 
     -0.11632654      -0.28906154      0.035574494 
      0.26383946       0.11562671       0.43330407 
    -0.071432620      -0.23623584      0.075101832 
    -0.099693276      -0.24348846      0.059479904 
    -0.066358939      -0.21708092       0.10284897 
     -0.18403734      -0.33587752     -0.011815657 
     0.018165175      -0.13721574       0.18140446 
     -0.15646068      -0.35723220      0.039451624 
     -0.64278921      -0.82265519      -0.47004265 
     -0.65431670      -0.82846953      -0.46008808 
     -0.41771593      -0.58810398      -0.24260518 
    -0.084364802      -0.25935023       0.10032190 
      0.22213937      0.048315711       0.40703905 
     0.093433366     -0.085197865       0.26343960 
    -0.097055622      -0.27032724      0.075587425 
      0.15638678    -0.0053380721       0.33083368 
    0.0053310118      -0.41840609       0.40867748 
       4.0000000 -th   shock  
mean    low band   high band

     -0.18331353       -1.2409800       0.80013004 
       1.2782587       0.29651682        2.2050899 
      0.33724892      -0.59140589        1.2575101 
     -0.12751251       -1.0731750       0.81560681 
     -0.59563797       -1.5159611       0.28821645 
       1.2470656       0.27198818        2.1324182 
      -1.0729168       -1.9922126      -0.17943326 
     -0.65682018       -1.5655643       0.24136117 
      -1.3207655       -2.2873546      -0.42831717 
      0.45499681      -0.47503746        1.3138157 
    -0.035275112       -1.0276454       0.83913185 
      0.49370227      -0.41912405        1.3355812 
     -0.52926765       -1.4556024       0.45151060 
      0.73391542      -0.17726611        1.6238795 
     0.097249461      -0.86374325       0.92821005 
     -0.40663580       -1.3359522       0.52094240 
      -1.4665869       -2.4318156      -0.53459704 
      0.14240827      -0.73539389        1.1938970 
     -0.10107569      -0.96134476       0.84617922 
      0.36157181      -0.53915502        1.2782456 
    -0.033642635      -0.97335063       0.87839216 
       1.4078227       0.59435437        2.3810279 
     -0.32649814       -1.2608617       0.58566203 
      0.76831376      -0.12939964        1.6877884 
      0.44502856      -0.47006791        1.3329758 
      0.15921758      -0.76095743        1.1032541 
       1.4718224       0.62979256        2.4277366 
      0.57784649      -0.32317593        1.5066046 
      0.70503219      -0.21076057        1.5806591 
       1.1860198       0.23051244        2.0077577 
      0.72210410      -0.25433869        1.5336530 
       1.0232798       0.16495024        1.9531783 
      0.44591615      -0.49592947        1.3359992 
     -0.19870620       -1.1491113       0.70396604 
     -0.70457694       -1.5442426       0.21580665 
     -0.17724541       -1.0684958       0.74999578 
     -0.86741506       -1.7457551      0.037096380 
     0.084807431      -0.80008723       0.98775244 
      0.35499815      -0.55250935        1.2479105 
      0.29672648      -0.52218098        1.2576349 
      0.50842609      -0.38302041        1.3697968 
      0.12885556      -0.80989075        1.0133142 
     0.061667023      -0.84563241       0.99576889 
      0.36683038      -0.49096657        1.2697347 
      0.50581958      -0.40715766        1.4010933 
    -0.085149512      -0.96755565       0.82253416 
    -0.080896859      -0.92009383       0.90344296 
    -0.051360337      -0.93671143       0.91884531 
      0.35184336      -0.53836870        1.3070548 
     -0.22865543       -1.0968981       0.69977267 
      0.19105592      -0.73534591        1.0318267 
     0.039655377      -0.83683649       0.97062795 
     -0.28370576       -1.2475631       0.60818359 
     -0.42462938       -1.2385034       0.51632338 
     -0.59248098       -1.5538618       0.26962181 
      -1.0524254       -1.9601225      -0.20575173 
     -0.75098810       -1.6973058       0.10719346 
     -0.28119248       -1.3230234       0.59410489 
      -1.1657785       -2.1042324      -0.23521551 
     -0.15594588       -1.0752438       0.70770629 
      0.22406483      -0.69536489        1.0895231 
      0.66922307      -0.23174489        1.6075313 
    -0.066241932      -0.93507911       0.94703501 
     -0.17487406       -1.0972654       0.72688766 
    -0.095735283       -1.0676277       0.82291430 
      0.13745163      -0.78112893        1.0284526 
    -0.021177258      -0.95510040       0.94347464 
     -0.28799151       -1.2899482       0.67962535 
     -0.61852273       -1.5298158       0.31095101 
      0.27990157      -0.61579200        1.2055186 
      0.78435761      -0.18505039        1.6615821 
     -0.62330156       -1.4872324       0.30956080 
    -0.028949620      -0.95196077       0.87001324 
      0.43039246      -0.47199094        1.3052179 
     -0.28815383       -1.1836514       0.57389323 
      0.48547468      -0.41381681        1.3781859 
      0.28723015      -0.57798627        1.1994685 
   0.00046951748      -0.91429996       0.89154741 
      0.81145235     -0.099039581        1.7228191 
     -0.43626816       -1.3200408       0.48342404 
     -0.54773446       -1.3603124       0.40707692 
      0.16039362      -0.77495000        1.0303152 
     -0.82832625       -1.7293706     0.0093131304 
    -0.068271603      -0.92321910       0.86787196 
      0.43614200      -0.44542694        1.3340653 
     -0.13080556       -1.0219157       0.79280665 
     -0.96277862       -1.8556280     -0.026907285 
     -0.84473880       -1.7049898       0.10839042 
     -0.80069449       -1.6641110      0.078038318 
     -0.82533131       -1.7768875      0.044874064 
      -1.4201482       -2.3237208      -0.50884125 
      -1.4408674       -2.4215756      -0.55360938 
      -2.9561504       -3.8588908       -1.9650923 
       1.4095105       0.44123978        2.3863843 
       1.1929466       0.31324943        2.1464613 
       2.0799006        1.2251659        3.0387012 
       1.1256643       0.14439073        2.0302598 
       1.9743559        1.0805729        2.9589793 
       1.2514813       0.30050922        2.1769174 
      0.44621891      -0.53594089        1.4293956 
      0.89093839     -0.026332308        1.9073404 
  -0.00017285084       -1.3985185        1.2976026 
       5.0000000 -th   shock  
mean    low band   high band

     0.031029685      -0.81756199       0.88820645 
   -0.0029715145      -0.89532963       0.83628041 
     -0.39174812       -1.2325339       0.51245152 
     -0.61176543       -1.5139091       0.20036111 
     -0.34316051       -1.1371030       0.53723184 
      0.61403298      -0.18567467        1.4908819 
     -0.10201902      -0.91677443       0.78506266 
     -0.18818652       -1.0224444       0.67614756 
       1.0906348       0.26365434        1.9970632 
     -0.35199262       -1.2014409       0.57842028 
      0.26412797      -0.54287057        1.1190545 
    -0.063075609      -0.88358746       0.80934182 
      0.17715830      -0.61696270        1.0656333 
      0.34081085      -0.44498005        1.2170933 
    -0.062584436      -0.91131419       0.76611617 
     -0.94026149       -1.8316533     -0.073786160 
    -0.010548388      -0.81771113       0.86384374 
      0.48740474      -0.38864955        1.2966834 
      0.43970601      -0.43190434        1.3381034 
      0.17634318      -0.64212436        1.0227281 
     0.043937872      -0.88437402       0.86197731 
     -0.52718833       -1.3547488       0.24616839 
      0.20741590      -0.68264650       0.98814144 
      0.53940932      -0.34795115        1.3762700 
      0.17876985      -0.61581851        1.0559773 
     -0.37104250       -1.2246762       0.50407110 
      0.44519646      -0.51566083        1.2445815 
     -0.21376305      -0.98404611       0.68633463 
     -0.37598071       -1.1559825       0.50626633 
      0.13553852      -0.70744161       0.92965372 
     -0.28377023       -1.0928640       0.59081452 
     -0.50903402       -1.4038336       0.30471084 
     -0.15575541       -1.0053380       0.67867730 
     -0.17632969       -1.0287136       0.63126909 
      0.14292354      -0.77348160       0.94002891 
      0.23741641      -0.66470373        1.0431963 
      0.33726137      -0.51417889        1.1898550 
      0.16418455      -0.68661667       0.99880615 
     -0.44608370       -1.3343430       0.37156234 
      0.10242137      -0.75218626        1.0133983 
     -0.51790029       -1.3899700       0.31733582 
     -0.32632756       -1.1359566       0.55489270 
      0.21345809      -0.66918252        1.0451653 
    -0.016323348      -0.86955833       0.81590517 
    -0.055588524      -0.87609693       0.79783122 
      0.44038982      -0.38205885        1.3221399 
      0.26329444      -0.57018775        1.1439470 
    -0.011845710      -0.87495795       0.82617339 
      0.98425695       0.15236631        1.8506937 
     0.023606362      -0.82593932       0.86353943 
     -0.40832364       -1.2787540       0.45765754 
     0.021605616      -0.83775345       0.82673008 
    -0.074125227      -0.92202740       0.77856281 
     -0.16734256       -1.0117077       0.65980695 
     -0.20011056       -1.0707914       0.60427359 
     -0.22980857       -1.1094437       0.60992433 
      0.40025423      -0.48874619        1.2304198 
      0.48749701      -0.53533887        1.4379780 
      0.26725000      -0.62810834        1.1728482 
     -0.19309188       -1.0332224       0.65796476 
     0.061803909      -0.81726896       0.87208073 
     0.024652336      -0.86679316       0.87074858 
     -0.37805943       -1.2174061       0.48030871 
     -0.50774909       -1.4203197       0.26321682 
     -0.79157381       -1.6704397     0.0057316514 
     0.089572009      -0.79387797       0.90765121 
      0.51271982      -0.37310349        1.2998107 
      0.40966904      -0.36786792        1.2743652 
    -0.025531942      -0.89266134       0.76983777 
      0.63964712      -0.27788237        1.4802127 
     -0.19282533       -1.0161858       0.61499057 
     -0.66183912       -1.5248032       0.16754094 
    -0.090234371      -0.92344537       0.79074193 
     0.095566008      -0.69556072       0.98343002 
     -0.18567991       -1.0404980       0.61875942 
     -0.42524935       -1.2793939       0.43353918 
     -0.11586811      -0.95040793       0.70695797 
      0.11387574      -0.66499052       0.99978855 
    -0.082879293      -0.95768223       0.77191913 
     -0.15778189       -1.0416755       0.69173966 
      0.14955648      -0.73177776       0.97378368 
     -0.21661631       -1.0728538       0.56208911 
      0.11646111      -0.69993791       0.96193424 
      0.10507388      -0.71135494        1.0052058 
      0.19875243      -0.57540018        1.0888331 
      0.30234227      -0.59612583        1.0992189 
      0.43833261      -0.40488140        1.3043901 
      0.17126282      -0.68354529        1.0139176 
      0.14687406      -0.71372884       0.98669369 
      0.32263759      -0.54437862        1.1687889 
     -0.21711106       -1.0701845       0.62088874 
    -0.030996489      -0.87957599       0.78758482 
     -0.33025450       -1.2597438       0.57368855 
     -0.89331653       -1.7654691     -0.055942693 
     -0.71908394       -1.6142723       0.12308306 
      0.21628587      -0.67920006        1.0174499 
     0.053046829      -0.80823112       0.86010953 
      0.44342447      -0.45750951        1.2844740 
     0.083710266      -0.75612361       0.99898211 
      0.54268169      -0.28081156        1.4718950 
     -0.21564570       -1.1093140       0.66157079 
     0.010265926      -0.92405093        1.0044946 
       6.0000000 -th   shock  
mean    low band   high band

       1.2583040       0.63734482        1.9131532 
     -0.55703832       -1.1161436     -0.043867516 
     -0.83217437       -1.3779962      -0.25275120 
     -0.37493430      -0.88285034       0.12023388 
      0.50913411     -0.090633420        1.1018593 
     -0.25301988       -1.2369068       0.89464156 
      0.30955606      -0.24104173       0.90441657 
      0.16857228      -0.32761023       0.66535921 
      0.60799734      -0.31325416        1.7155937 
     -0.70604973       -1.5830445      0.030253558 
      0.63190815       0.12015042        1.1203002 
     -0.61648350       -1.0781951      -0.15541820 
     0.088904270      -0.37327460       0.57300180 
    -0.034254192      -0.57413385       0.48921433 
     -0.62505158       -1.1848039      -0.13005006 
     -0.15594116       -1.0684149       0.63204690 
      0.43312612      -0.38256756        1.2991571 
      0.97821852       0.38170749        1.5575041 
     -0.16281180      -0.70338753       0.40139596 
     -0.17385528      -0.63413626       0.31314037 
     -0.66043445       -1.1327070      -0.16236722 
     -0.62793692       -1.1312211      -0.13895003 
      0.63502901      0.068057437        1.1878961 
      0.66202073     -0.017780513        1.4825613 
     0.071213439      -0.37840904       0.59902967 
     -0.32362363       -1.0241435       0.31784710 
       1.2179130       0.58546063        1.9453185 
     -0.28758890      -0.91859403       0.39570066 
      0.29423447      -0.32546071       0.80744035 
     -0.10785531      -0.67014456       0.45539189 
     -0.17845963      -0.67847919       0.37977464 
     -0.29378110      -0.87198016       0.26336738 
      0.89335827       0.34711832        1.4354980 
     -0.34237895      -0.81621957       0.13809732 
      0.33542761      -0.13928183       0.90811558 
     -0.59781084       -1.1586571     -0.087585694 
      0.57244619      0.026781288        1.0973965 
      0.35701381      -0.10518356       0.83443859 
     -0.82392758       -1.3901606      -0.27543061 
      0.12774914      -0.44537000       0.66003779 
      0.18992499      -0.31656335       0.67595562 
     0.047817059      -0.44211753       0.50991440 
      0.56925153      0.081867405        1.1377043 
      0.33524740      -0.13882939       0.90519701 
     -0.16840320      -0.67074741       0.31460222 
      0.27369016      -0.34369208       0.94057034 
      0.31291460      -0.16441069       0.80356929 
      0.37441504      -0.13398413       0.91777241 
    -0.055028997      -0.76102261       0.64039722 
      0.13937336      -0.58089410       0.82365538 
     -0.29149229       -1.1791475       0.44250686 
    -0.045441551      -0.55298099       0.43824078 
      0.29426119      -0.23431050       0.84976882 
     -0.18203487      -0.71568699       0.30250577 
     -0.27610006      -0.83431118       0.30931658 
      0.21968055      -0.29616188       0.72110463 
    -0.012440239      -0.59111642       0.60812444 
      0.34187364      -0.14922337       0.85483709 
      0.51671150      -0.11238082        1.0984077 
     -0.51567810       -1.2298102       0.15944949 
     -0.27293235      -0.74440674       0.21708414 
     -0.83296604       -1.3829687      -0.23553604 
     -0.96438764       -1.6482235      -0.33687074 
     -0.90234261       -1.4123346      -0.35055592 
     -0.97408637       -1.5449088      -0.37815526 
      0.16718549      -0.56484277       0.98877678 
     0.048767531      -0.59542540       0.74401869 
    -0.035541648      -0.53458848       0.44424772 
     -0.44235170       -1.0257854      0.095250027 
     0.094241603      -0.58189910       0.82556519 
    0.0031690071      -0.83783633       0.69157859 
      0.18155262      -0.57212604       0.81198794 
      0.21041193      -0.34706462       0.73751010 
     -0.36691622      -0.84669936       0.10104146 
      0.40323992      -0.11634228       0.90756917 
     -0.13076177      -0.66227055       0.37714923 
     0.019286099      -0.54274938       0.57768483 
      0.23177377      -0.34015049       0.78665105 
     -0.59724358       -1.1391415     -0.058076456 
     -0.11452289      -0.60339647       0.34041251 
      0.19725716      -0.40039435       0.73965467 
     0.035535286      -0.48843607       0.59296686 
     -0.35776774      -0.95454200       0.21902595 
     -0.47824129      -0.97964055      0.036004044 
     -0.56168373       -1.0916299      -0.12990900 
      0.12117836      -0.50065048       0.75568038 
     0.068591395      -0.43990685       0.54505245 
     -0.33266188      -0.82815877       0.13531416 
     -0.30835664      -0.79891808       0.16079275 
     -0.17642479      -0.69011355       0.28031236 
     -0.24766420      -0.83861615       0.37017721 
     -0.54332617       -1.0355856    -0.0060797201 
      -1.4287359       -2.2832983      -0.67604634 
      -2.4162732       -3.0630846       -1.8148657 
       1.2137649       0.63986708        1.9114474 
       1.9732996        1.1214892        2.8571234 
       1.2848215       0.68520234        1.8096850 
       1.0177623       0.33687751        1.7143129 
       1.4878073       0.94355236        1.9574660 
      0.66585689      0.042275723        1.3316156 
     0.028281879      -0.86500603       0.81329763 
    0.0010375592       -1.1862764        1.3285779 
       7.0000000 -th   shock  
mean    low band   high band

      0.50645552      -0.41092951        1.5061695 
     -0.43313039       -1.3686622       0.42725707 
     -0.36558327       -1.3201437       0.45255046 
      -1.5523809       -2.4471109      -0.65067679 
     -0.58414139       -1.4147529       0.31173597 
      0.16933953      -0.75908647        1.0331029 
      -1.4859722       -2.3342167      -0.57372683 
     -0.72383211       -1.6235397       0.14641040 
     -0.13048621       -1.0142142       0.75896166 
      -1.8682671       -2.7037002      -0.94700225 
      0.19890594      -0.65522994        1.0969190 
     -0.67482652       -1.5731225       0.19357844 
     -0.60805192       -1.5396084       0.27549440 
     0.049328856      -0.79049480       0.95649263 
      0.34470017      -0.59607230        1.1909053 
    -0.053186891      -0.94848784       0.90678749 
       1.9415921       0.95977515        2.7986145 
      0.15289593      -0.74919457        1.0136254 
     -0.93320628       -1.7948068     -0.054407905 
      0.36156197      -0.50243978        1.2768416 
       2.2807453        1.3842459        3.2037624 
       1.4447709       0.58390581        2.3337603 
    -0.040303192      -0.92560572       0.81077746 
     -0.20387321       -1.1162692       0.65286272 
      0.20374210      -0.66730306        1.0750963 
     -0.53932635       -1.4188697       0.39660538 
     -0.16023923       -1.0242398       0.73293346 
     -0.84704222       -1.8136475     0.0015612028 
      -1.1137333       -1.9626768      -0.25242772 
     -0.20922218       -1.0927034       0.65568418 
     -0.66305047       -1.5381003       0.22171796 
      -1.4497434       -2.3319395      -0.55880050 
      0.36285616      -0.53849149        1.1946218 
     -0.92358364       -1.7629834      0.011561897 
      -1.0868812       -1.9377469      -0.20446422 
     -0.17335276       -1.0861401       0.67180040 
     -0.52650835       -1.4133110       0.32404265 
      0.51051207      -0.36309770        1.3907535 
     -0.77321599       -1.6795490      0.075784599 
      0.29402456      -0.61219323        1.1560612 
     -0.59147931       -1.4189526       0.31987564 
      0.32672805      -0.60575310        1.1615022 
      0.22694463      -0.71057630        1.0300026 
      0.44841947      -0.51669476        1.2857761 
     -0.31819530       -1.2140449       0.56007592 
    -0.042797331      -0.93205043       0.84621245 
      0.33049628      -0.49026494        1.2804877 
      -1.0229505       -1.8469788     -0.085152643 
     0.061791782      -0.77398053       0.96193756 
     -0.12615324       -1.0158641       0.76177016 
      -1.4599878       -2.3443767      -0.55421429 
   -0.0025985342      -0.89571992       0.81844791 
      -1.3162666       -2.1995234      -0.43611207 
      0.17778168      -0.71232967        1.1132680 
     -0.43704179       -1.2901852       0.45199885 
     -0.26219057       -1.1520059       0.62649446 
      -1.1049669       -1.9449252      -0.15733512 
       1.0775294       0.24418209        2.0043708 
     -0.45811422       -1.3748747       0.44120194 
      0.30213110      -0.51921737        1.2544629 
      0.79597173     -0.055233421        1.7219793 
       1.2722266       0.38763163        2.1705362 
     0.067509613      -0.83896140       0.95083450 
       2.1061987        1.2787115        3.0101885 
      0.81096877      -0.12213603        1.7167904 
     -0.17519491       -1.1247286       0.66207887 
      0.51834507      -0.39162988        1.3788396 
      0.85731209     0.0086148074        1.7752445 
     -0.10015963      -0.98242184       0.76496666 
      0.66153879      -0.27737743        1.5317363 
      0.74078762      -0.19222713        1.6203375 
      -2.0194880       -2.9256123       -1.1322683 
     -0.31805339       -1.2073955       0.53720971 
      -1.1021267       -1.9678472      -0.20842237 
      0.32505110      -0.56042555        1.1582952 
     -0.61966056       -1.4331138       0.29122544 
     -0.74304501       -1.6090409       0.11251000 
     -0.26050070       -1.1669429       0.53348094 
     -0.64951868       -1.5851602       0.25022203 
      0.41696656      -0.45230494        1.2993230 
      0.28750560      -0.61743829        1.1422049 
     -0.36862356       -1.2927582       0.46188520 
      0.78765193      -0.11315794        1.6550182 
     0.058323599      -0.81224482       0.96258263 
      0.99144048      0.092319251        1.8286368 
     -0.16721317       -1.0321242       0.71781758 
      0.22049687      -0.70417037        1.0378595 
       1.0619456       0.16248961        1.8846593 
       1.3318034       0.43879553        2.1689808 
       1.8296799        1.0305702        2.7700750 
       1.4447576       0.58781822        2.3469788 
       2.2948758        1.3456314        3.1523607 
       6.0845236        5.1153753        7.0039923 
       2.8006719        1.9212683        3.7611251 
       2.8734998        1.9882945        3.8101422 
     -0.64476237       -1.5173652       0.27973649 
      0.15026972      -0.67113414        1.0988901 
     -0.32987043       -1.2299824       0.54883550 
      -1.0610975       -1.9767876      -0.16458277 
     0.026817056      -0.85641116       0.92265185 
     -0.60389111       -1.4493949       0.45246163 
    -0.014444126       -2.0465690        1.8692419 
       8.0000000 -th   shock  
mean    low band   high band

     0.067889620     -0.012240729       0.14356902 
     -0.18102534      -0.26625730     -0.095350099 
    -0.073938279      -0.15586064     0.0055112533 
     -0.24461904      -0.32460649      -0.16977090 
      0.25887536       0.18046540       0.33559373 
     -0.15502035      -0.23207715     -0.077863278 
     0.083285824     0.0089642351       0.16342022 
     0.079146000     0.0016587351       0.15170131 
     -0.12869987      -0.20397026     -0.048892123 
     -0.16731247      -0.24008849     -0.089113637 
   -0.0088383408     -0.099597802      0.070363456 
     0.046647255     -0.030971765       0.12299701 
      0.17201934      0.087891308       0.25243816 
      0.27835917       0.20603459       0.35742013 
      0.16141924      0.081695365       0.24742459 
      0.23856332       0.14680585       0.32631821 
   -0.0095804344     -0.084477540      0.068360968 
     -0.18851418      -0.26679404      -0.10542606 
    -0.098129393      -0.18198022     -0.019630449 
     0.078566860     0.0023565297       0.15978277 
    -0.017911347      -0.10424082      0.065043300 
     -0.20330180      -0.29102713      -0.11389782 
     0.012580950     -0.068932361      0.086911303 
     -0.10173391      -0.18539836     -0.022032202 
     -0.16874502      -0.24947381     -0.087746346 
    -0.099178825      -0.19060896     -0.023905395 
     0.055258542     -0.018488836       0.13069960 
    -0.028502736      -0.10902126      0.044364639 
     -0.10183144      -0.18055007     -0.024276733 
     0.014320993     -0.059381042      0.098353799 
    -0.035419687      -0.11010767      0.044287287 
     0.084005519     0.0025573082       0.16331260 
    -0.039413114      -0.11923353      0.033851684 
    0.0079274602     -0.067955047      0.083358865 
      0.13801772      0.057645591       0.21519380 
     0.091272329      0.019640796       0.16862140 
      0.16484622      0.085080408       0.25046266 
     0.041467044     -0.036196600       0.11575378 
     0.068853605     -0.011175932       0.14034053 
     0.016417730     -0.059805012      0.087991046 
     0.059661217     -0.012770404       0.14195824 
    -0.049412959      -0.12932561      0.028822614 
    0.0010390963     -0.078966588      0.074818245 
    -0.055145062      -0.13968039      0.015438063 
    -0.044371869      -0.12037328      0.029546999 
    -0.079937571      -0.15380981    -0.0016177825 
     0.051926187     -0.021558634       0.12796979 
     0.078095869    -0.0035611739       0.15584340 
     0.047582324     -0.028497245       0.11701398 
     0.075459920    0.00032247429       0.15770118 
     0.096673332      0.015577963       0.17425218 
     0.028014771     -0.049644164      0.099497697 
     -0.19926797      -0.28077926      -0.12257754 
     0.098801478      0.022703764       0.17670999 
     0.025573780     -0.054867013      0.099688164 
     0.062705046     -0.016671262       0.13690760 
     0.020988287     -0.051608219       0.10616641 
     0.031139618     -0.044957907       0.11492279 
      0.25007632       0.15671304       0.34333949 
     0.080382550   -0.00024924137       0.15644332 
     0.093716770      0.011823472       0.17302882 
     -0.20166206      -0.28887976      -0.11838086 
     -0.15340090      -0.24212321     -0.076379097 
     0.059738820     -0.039787107       0.16252311 
     -0.36269137      -0.45553632      -0.26568626 
     -0.11227514      -0.19314501     -0.029096228 
     -0.10431428      -0.18761328     -0.030366974 
    -0.084889605      -0.16227142    -0.0046898987 
     -0.12000310      -0.19633607     -0.042211832 
    -0.014774012     -0.097095343      0.060856497 
     0.046319409     -0.029500438       0.12506277 
    -0.070477114      -0.14962497      0.011449559 
    -0.054942548      -0.12823468      0.027140299 
     -0.18691911      -0.26982252      -0.10584306 
     -0.18454618      -0.26944448      -0.10568517 
     0.036874529     -0.046346037       0.12072267 
     0.024454539     -0.051217579       0.10716090 
    -0.077101032      -0.15944960     0.0067683418 
      0.11074081      0.025685434       0.18880011 
     0.088782864      0.010803145       0.16779506 
     0.084695894     0.0082907023       0.16038520 
     0.091036667     0.0079915498       0.16708703 
     0.051464108     -0.023059431       0.12903037 
      0.13945833      0.059038917       0.21776627 
      0.17857351       0.10065303       0.26751071 
     0.036006907     -0.045557721       0.11837077 
      0.11982030      0.042200731       0.19384189 
     0.059118862     -0.021253138       0.13570188 
    -0.051194636      -0.13461181      0.031717722 
     -0.34009791      -0.41922264      -0.25723655 
     -0.26332719      -0.34256895      -0.18351443 
    -0.046191655      -0.13276454      0.040115493 
    -0.083498554      -0.20059192      0.020853684 
      0.10194284      0.016252954       0.18478883 
     0.012305372     -0.075434726      0.095405944 
     0.051145642     -0.026246585       0.13845485 
     0.021683177     -0.067181835       0.10593981 
     0.070563443    -0.0096184674       0.14958307 
     0.086665908     0.0026495809       0.16647991 
      0.10693122      0.018775474       0.18650753 
      0.19495359       0.10374102       0.29222675 
  -0.00092250418      -0.22714418       0.23213794 
