    
      0.50835520       0.23193603       0.84441335 
       1.2081440      0.015536085        2.7994438 
      0.91373326      0.014560520        1.8481963 
      0.70847889     0.0076450708        1.7401247 
      0.71246975      0.013547224        1.6032850 
       1.0890032      0.014869525        2.2797685 
      0.68504973      0.013619148        1.5478177 
      0.79332013      0.013188520        1.7623723 
      0.73732793      0.014558904        1.6609003 
      0.79267920      0.014685700        1.7604406 
      0.70579642      0.013359982        1.6024482 
      0.81212001      0.015633676        1.6848033 
      0.75063574      0.012865225        1.7481912 
       1.1667098      0.081756801        2.2976377 
       1.0045160      0.020844605        2.1203597 
      0.87636630      0.013581803        1.8855448 
      0.78740171      0.015281092        1.7920926 
       1.0418912      0.025858612        2.1932596 
      0.75007441      0.011987500        1.6824785 
      0.75466482      0.015097330        1.6476542 
       1.5533695       0.21080839        2.9801172 
       1.5954262       0.23554290        3.0945086 
      0.79816615      0.018050388        1.8336243 
      0.84110648      0.014789787        1.8331832 
      0.72332552      0.014008041        1.6374482 
      0.67487335      0.013971564        1.5875416 
      0.90106013     0.0096370131        1.9563185 
      0.84789901      0.012839956        1.7507461 
      0.77896313      0.011944652        1.7736741 
      0.69727105      0.013612843        1.5915347 
      0.87287226      0.015877581        1.8170153 
      0.76431456      0.013853255        1.7088688 
      0.74095206      0.011737126        1.6133734 
      0.66021324      0.013193193        1.5264763 
      0.73762094      0.011842766        1.6374626 
      0.77985690      0.013627586        1.7056411 
      0.98553840      0.012439407        1.8443149 
      0.80660433      0.015207277        1.6992179 
      0.72175956      0.011766487        1.6987414 
      0.65145731      0.011369299        1.5215352 
      0.81197503      0.012220878        1.7626181 
      0.75089243      0.013965757        1.6976288 
       1.3488021       0.14509472        2.7392592 
      0.72816801      0.014034938        1.6449009 
      0.70276612      0.013139622        1.6346461 
      0.71117957      0.013456553        1.7090302 
       1.0690861      0.018183172        2.1478123 
       1.3255495       0.14982704        2.5884111 
       1.0568674      0.037681770        2.2318202 
       1.3452990       0.12787256        2.5829520 
      0.93450036      0.016947249        1.9051434 
      0.75178861      0.017081031        1.6387663 
      0.89468357      0.010943856        1.8765983 
       1.2034391      0.066944757        2.4439877 
      0.82271590      0.012723260        1.8056174 
      0.78490832      0.012672506        1.7645343 
       1.0457048      0.036721665        2.1534849 
      0.90403705      0.017869936        1.9587147 
       1.3176849       0.10676152        2.4980414 
      0.77630063      0.012925511        1.6735187 
      0.67178775      0.012818075        1.5959719 
       1.2819469       0.10376724        2.5193391 
      0.73239805      0.013917313        1.6133737 
      0.70926569      0.011945434        1.6086539 
      0.83812085      0.011584054        1.8063108 
      0.83771093      0.014796800        1.8354922 
      0.80338695      0.011880035        1.7048671 
      0.71215726      0.012420735        1.6769581 
      0.76112172      0.014160642        1.6184396 
      0.91878232      0.013615747        1.9102137 
      0.68809752      0.013807537        1.5740952 
      0.77224927      0.012466818        1.7705306 
      0.66747119      0.012209150        1.6324232 
       1.1004338      0.065847498        2.2880071 
      0.73969086      0.011660921        1.6234212 
      0.70235195      0.013585509        1.5628413 
      0.85620997      0.015796407        1.7850740 
      0.94443160      0.014017047        2.0066459 
      0.76738773      0.011922467        1.8042671 
       1.4078943       0.17158837        2.8011910 
      0.77730439      0.012167591        1.7285987 
      0.81677487      0.012247038        1.8971675 
       1.0542851      0.017580068        2.0856729 
      0.81083787      0.013996705        1.8239372 
      0.67819112      0.010390454        1.6114491 
       1.1619301      0.081354787        2.3153622 
      0.70791892      0.011392323        1.5776611 
      0.88748605      0.015509828        1.8865214 
      0.77874416      0.014553378        1.7184706 
      0.71815873      0.014961691        1.7092367 
       1.2712183       0.10824452        2.4754385 
       1.6090033       0.20696704        2.9707736 
      0.77217314      0.012368335        1.7823805 
       1.7372489       0.24817554        3.3751098 
       1.0766106      0.016810363        2.2109345 
       1.7014617       0.21680230        3.1553335 
       1.4404712       0.11643601        2.8230071 
      0.76983130      0.013281484        1.7820233 
       1.0784139      0.021317557        2.2675773 
      0.58604441      0.013496682        1.3311191 
       1.2847709      0.013335754        2.7406394 
      0.36434898      0.019664245       0.74734907 
      
      0.66257981       0.40184670       0.88173015 
       2.1459844       0.20849128        3.9743832 
       1.4552980      0.018190940        2.8483630 
      0.94575481      0.018091143        2.0061763 
      0.85424177      0.016237105        1.7375410 
       2.0264461       0.33594676        3.8791820 
       1.6373796      0.018806521        3.1851345 
       1.5706663      0.016192609        3.1181254 
       2.0083898       0.22333570        3.7858543 
      0.88834046      0.016233673        1.9667498 
       1.6446186       0.11228161        3.2392310 
       1.3175905      0.027304983        2.5717833 
       1.3721209      0.019338904        2.6909105 
       1.7200253       0.13537766        3.2414504 
       1.4789940      0.019648645        2.7998454 
       1.2639956      0.022804983        2.4745491 
      0.92916586      0.015018696        1.8311301 
      0.86967434      0.013854383        1.8196340 
      0.85009736      0.016120956        1.7676147 
      0.95160799      0.013659499        1.8920054 
       1.8309404       0.22345078        3.5249747 
      0.94637750      0.013361795        2.0435279 
       1.0173565      0.011257065        2.1465911 
       1.3328665      0.021100538        2.6929463 
       1.6763778       0.16897426        3.2831180 
       1.0384231      0.010590590        2.1299841 
       1.4562519      0.024156261        2.8630466 
      0.82961243      0.017103532        1.7358098 
      0.92889223      0.014348931        2.0032336 
       1.0969797      0.013443833        2.1610869 
      0.99166746      0.011832451        2.0840118 
      0.78848641      0.014883412        1.6448120 
      0.78979748      0.016838819        1.6472791 
       1.0746514      0.016502419        2.1678868 
       1.3491275      0.023896982        2.6846609 
       1.0648078      0.018638557        2.1894037 
       1.3734695      0.016653263        2.6312514 
      0.92700799      0.013692960        1.8496825 
      0.90231245      0.014113969        1.8573575 
      0.77523066      0.013258043        1.6687798 
       1.0431977      0.017338532        2.1586383 
      0.76583145      0.018594903        1.6366012 
       1.2343514      0.023092344        2.4544834 
      0.97784442      0.014178465        1.8982776 
       1.0906600      0.014030674        2.2353760 
      0.80526516      0.015127523        1.7207853 
      0.96045156      0.016399109        2.0107474 
      0.80869337      0.015890819        1.7363059 
      0.80586934      0.018696250        1.7146582 
      0.80055758      0.016095473        1.7165655 
      0.79832055      0.015542495        1.6872830 
      0.88228375      0.016354149        1.8719223 
       1.1880437      0.013937354        2.3490597 
      0.81846585      0.014097384        1.7619532 
       1.1275580      0.019650671        2.3287381 
       1.1940308      0.016332147        2.3103506 
      0.87375306      0.018641602        1.8357528 
      0.77668553      0.011732973        1.6893381 
       1.3083168      0.019046567        2.5888963 
       1.5898203      0.017362784        2.9669650 
      0.87148929      0.013853269        1.7524062 
       1.2513554      0.016481466        2.5337899 
      0.99100141      0.014817372        2.0970917 
       1.0961066      0.019794463        2.1830613 
       1.7053592      0.053454859        3.2224121 
       1.0870335      0.016907792        2.1738338 
      0.86243900      0.015229753        1.7859821 
       1.1430722      0.017133965        2.2904770 
      0.95151213      0.014156912        2.0004601 
       1.5064590      0.032267731        2.8276614 
       1.1251931      0.013677112        2.3118885 
       1.3416121      0.019834555        2.6647109 
       1.4331148      0.028339361        2.7569028 
      0.88172020      0.014713904        1.8501879 
      0.86503861      0.015799043        1.7631545 
      0.86680491      0.015953604        1.7857643 
      0.87415377      0.015338384        1.9189370 
      0.81557448      0.016960223        1.7695513 
       1.0860472      0.016252110        2.2016947 
      0.87398389      0.012781143        1.8617616 
       1.2200597      0.020349814        2.4538072 
       1.1096285      0.020615348        2.2332377 
       1.2258594      0.020515416        2.4293370 
      0.82902208      0.013779108        1.7196970 
       1.1495954      0.015682268        2.3396837 
      0.83937910      0.017805642        1.8168212 
      0.93304684      0.014699450        1.9047017 
      0.80471823      0.013217400        1.6601417 
      0.93536309      0.016393728        1.9017384 
       1.8067050       0.10960669        3.3978703 
       1.8400773       0.13278763        3.5301764 
       2.6567523       0.41171355        4.7032881 
       1.4762257      0.016154708        2.8785331 
       2.1526713       0.27890215        4.0093107 
       1.2484443      0.016516564        2.4353510 
      0.93128361      0.017314174        1.9912899 
       1.2406398      0.018532170        2.4674104 
       1.0971227      0.014842451        2.2692772 
      0.82052659      0.015937159        1.7139700 
       1.2279169      0.014901111        2.4063591 
       1.9365435       0.21207722        3.5081401 
      0.66275678      0.025969018        1.3827497 
       
      0.42998615       0.15041011       0.92611301 
       1.0447425      0.012135518        2.1686348 
      0.72127003      0.012720545        1.4742307 
       1.2370977      0.013856032        2.2510504 
      0.74055434      0.011977219        1.5183723 
      0.89885870      0.012766779        1.6678155 
      0.80485056      0.013550982        1.5584519 
       1.0662708      0.016274958        2.0410900 
      0.82240571      0.012168543        1.6748591 
       1.0096249      0.024394892        2.0168555 
      0.67072238      0.013050562        1.3499841 
       1.0111862      0.011791843        1.9059756 
       1.1539305      0.010683661        1.6304834 
      0.83277242      0.010765778        1.6580339 
      0.78232659      0.013346931        1.5584409 
      0.77454763      0.012009787        1.4828634 
       1.5126112       0.15291256        2.9087097 
      0.96739673      0.012634501        1.5675117 
      0.73829411      0.012671840        1.5167837 
       1.2017340      0.032254007        2.2698323 
       1.0337651      0.011693857        1.9232280 
      0.98785811      0.013385952        1.9847226 
      0.96959217      0.020481926        1.8911760 
      0.94557855      0.019365468        1.8963576 
      0.62839278      0.013286403        1.3340067 
       1.1404811      0.015660744        2.0562314 
      0.99490063      0.017299722        1.8752425 
       1.1218628      0.012334657        2.1527156 
      0.74529607      0.011921781        1.3217835 
      0.98010413     0.0099262272        1.7110539 
      0.68808956      0.011842472        1.4195265 
       1.0317543      0.011673335        1.9570562 
      0.67287355      0.013173082        1.4155412 
       1.0954918      0.012449648        2.1041780 
      0.93671068      0.017911063        1.8980523 
       1.2616855      0.015583657        2.1733050 
      0.81236578      0.011778654        1.5293270 
      0.96379440      0.011857205        1.8923310 
      0.77151220      0.012623827        1.5526221 
      0.76779264      0.012427608        1.5541669 
      0.79574560      0.012406358        1.6828367 
      0.93526190      0.013828044        1.7766970 
       1.1947070      0.014205545        2.0953184 
      0.98727431      0.012884189        1.7857788 
      0.78126501      0.015085503        1.6971347 
      0.86337705      0.012432803        1.7741117 
       1.0871439      0.012681371        2.1399379 
      0.94340969      0.010958055        1.7189940 
      0.74892332      0.012264748        1.4706105 
      0.74946811      0.014436921        1.5673542 
      0.80029261      0.012410115        1.7043303 
      0.79587391      0.013269362        1.5567470 
      0.75336443      0.014152919        1.5442022 
       1.1347613      0.023390370        2.2332721 
       1.0291176      0.013705260        1.9790438 
      0.97407080      0.014701280        1.6504648 
      0.89930043      0.014063175        1.8184491 
      0.76485925      0.013282256        1.5456828 
       1.1768848      0.015750335        2.1107513 
       1.0461367      0.011670739        1.6755163 
      0.81783739      0.012364448        1.5202118 
      0.78791818      0.013153912        1.6502106 
      0.97465096      0.015209776        1.8972666 
      0.89671122      0.013409066        1.8717282 
       1.8681895       0.11621611        3.0347113 
      0.86214500      0.015531160        1.6798750 
       1.0662662      0.013941779        2.0159906 
      0.85171787      0.010804914        1.6438251 
      0.80682377      0.012747949        1.6254327 
      0.78568548      0.011973724        1.5955582 
      0.80958067      0.012474795        1.7247838 
      0.81031041      0.013704803        1.5325236 
       1.0860941     0.0099205033        2.0619595 
       1.0121415      0.011056902        1.9237631 
       1.1853127      0.052282665        2.3460689 
       2.3952207      0.011792789        1.8836888 
      0.91035968      0.011477970        1.7761299 
      0.72736780      0.013081902        1.5659062 
       1.3262117      0.029136796        2.4340659 
      0.98418005      0.012310294        1.7375135 
      0.84252006      0.012693886        1.6868824 
       1.1000631      0.020836343        2.1498425 
      0.90393080      0.013064881        1.7314140 
      0.79169353      0.010404706        1.6498162 
      0.81556699      0.010398075        1.5903299 
      0.78947442      0.011098512        1.6211441 
       1.1073334      0.033070218        2.1845536 
      0.97004669      0.011972270        1.8324003 
      0.75652633      0.014005459        1.6457621 
      0.87279325      0.014047874        1.5618279 
      0.89483445      0.012741279        1.7668661 
      0.79435948      0.013890048        1.5417638 
      0.89028203      0.010949514        1.7839318 
       1.8098502       0.14703156        3.2991007 
       1.6942785       0.15030734        3.0879735 
       1.2571144       0.11876601        2.4130869 
      0.71977685      0.011650347        1.4783224 
       1.0586752      0.016690556        1.9104918 
       1.0347200      0.014405105        2.1367694 
      0.75870565     0.0095161028        1.4345557 
       1.5063806      0.011310130        2.6023420 
      0.23137788      0.018525535       0.48010608 
      

      0.60390332       0.36473745       0.80303033 
       1.6057830      0.045190051        3.1019760 
      0.81288264      0.013564102        1.7185797 
      0.75549160      0.014144998        1.5892866 
      0.94629435      0.017176560        1.9595465 
       1.4567758      0.030946357        2.7728406 
       1.2438407      0.015770356        2.3720466 
       1.0127554      0.014327359        2.1103257 
       1.4855484      0.046389183        2.7587797 
      0.89259106      0.012333373        1.7935951 
      0.74523460      0.015099310        1.5502974 
      0.87881942      0.011192853        1.8237176 
      0.90796872      0.016744096        1.8794093 
       1.0303031      0.014366019        2.1172848 
      0.77535644      0.016346849        1.6319148 
      0.82989747      0.014930994        1.7313501 
       1.6149757      0.081410865        2.9959034 
      0.76545538      0.017441993        1.5803146 
      0.74678476      0.013086999        1.5802138 
      0.81913490      0.014891282        1.7367962 
      0.74912779      0.019179542        1.5034729 
       1.5152155      0.061269680        2.8443350 
      0.78812806      0.012034193        1.6551028 
       1.0841866      0.018153852        2.1884011 
      0.87055913      0.012446483        1.8389183 
      0.74253833      0.014652100        1.5431090 
       1.5905945       0.17466142        2.9966432 
      0.94847038      0.016074411        1.9699088 
      0.98879153      0.014994688        2.0490571 
       1.3633905      0.018296589        2.5311534 
       1.0180875      0.017846752        2.0449600 
       1.2060011      0.030373311        2.3973195 
      0.87372674      0.017015474        1.7866394 
      0.73749578      0.018311057        1.5320214 
      0.98018439      0.013344408        2.0215476 
      0.73252790      0.013578604        1.5313710 
       1.0894528      0.025180258        2.1248422 
      0.77370101      0.014203662        1.6843834 
      0.84165025      0.015051100        1.7866899 
      0.76731969      0.017460248        1.6438304 
      0.90969408      0.015823575        1.8951081 
      0.76788038      0.016409391        1.6283342 
      0.74451675      0.014762688        1.5927874 
      0.82728058      0.014162699        1.7407821 
      0.89255262      0.016381782        1.8014505 
      0.71427226      0.013823480        1.5003135 
      0.74187862      0.014033774        1.5473686 
      0.73534111      0.016334227        1.5681863 
      0.86712709      0.018147043        1.7793789 
      0.73251270      0.014927156        1.5364792 
      0.77694619      0.016409203        1.5973431 
      0.74413547      0.016848948        1.5844099 
      0.77638320      0.014946666        1.5900829 
      0.79082281      0.013885694        1.6549923 
      0.90576706      0.014546597        1.8446035 
       1.2087511      0.024127609        2.3257138 
       1.0235920      0.017856623        2.1028068 
      0.78820555      0.014093612        1.6502127 
       1.3467100      0.028488790        2.5500698 
      0.75952036      0.015057862        1.6177496 
      0.75970115      0.015225923        1.6158679 
       1.0133707      0.015262435        2.0706663 
      0.76238127      0.015122488        1.6023961 
      0.76628904      0.013118150        1.5979893 
      0.76679149      0.018932167        1.5969801 
      0.76618087      0.018289282        1.6333364 
      0.75145152      0.014028980        1.5874493 
      0.74682904      0.013694225        1.5769206 
      0.93585591      0.016607255        1.9510877 
      0.82119904      0.017279583        1.6838130 
       1.1058481      0.020654180        2.1622152 
      0.91714506      0.013776361        1.9024906 
      0.75092507      0.016832817        1.6114164 
      0.84841972      0.017338920        1.8137882 
      0.77506736      0.011833564        1.6082735 
      0.86730824      0.012286571        1.8321849 
      0.77987188      0.015356028        1.5730159 
      0.69495259      0.016059104        1.4507366 
       1.1142016      0.015192778        2.1983056 
      0.83201325      0.016240631        1.7235215 
      0.92149527      0.016752273        1.8965825 
      0.75505777      0.017277005        1.6000228 
       1.1020942      0.017053461        2.2006026 
      0.75152493      0.013122920        1.5586058 
      0.89808960      0.015099900        1.8529795 
      0.70220275      0.013425633        1.4760393 
       1.1362417      0.018002413        2.2316776 
       1.1017920      0.017027211        2.1442389 
       1.1414221      0.015596467        2.2236126 
       1.0757532      0.017080683        2.1236283 
       1.5425628      0.068651203        2.8902054 
       1.5248187      0.038974375        2.9242710 
       2.6235562       0.65499125        4.6083496 
       1.6352562      0.023619666        3.0475629 
       1.4306458      0.019909277        2.7328663 
       2.1190552       0.44052009        3.7744579 
       1.3817478      0.027496461        2.5624121 
       1.9756329       0.35807054        3.5639977 
       1.4376084      0.035352573        2.7164204 
      0.85376395      0.012913018        1.8302282 
       1.1571495      0.014887026        2.3036301 
      0.62491708      0.026218681        1.3036949 
       

      0.52394976       0.30743704       0.72190855 
       1.1047614     0.0099193485        2.2186361 
      0.97927937      0.014045274        2.0979684 
       1.1391306      0.016498120        2.2756708 
      0.98299989      0.016444930        2.0461055 
       1.1376430      0.014681957        2.2884768 
      0.85441008      0.013744841        1.8075228 
      0.90782503      0.016200377        1.8698941 
       1.5286048      0.019626228        3.0408791 
       1.0851943      0.016762074        2.0633250 
      0.88002968      0.015802685        1.8852030 
      0.84492246      0.015537136        1.7540635 
      0.84224843      0.019135887        1.8297452 
      0.96867131      0.015579247        1.9173196 
      0.88213002      0.016180469        1.7065552 
       1.2854158      0.018295194        2.5909226 
      0.93720801      0.013588147        1.9080924 
       1.0398740      0.017907925        2.1533917 
       1.0385649      0.013494142        2.1672586 
      0.89836976      0.017024618        1.8272284 
      0.80703007      0.015733750        1.7120070 
      0.99136737      0.020025474        2.0748468 
      0.95190308      0.016721533        1.8798028 
       1.0563656      0.016600569        2.1351858 
      0.88651753      0.011433083        1.7841887 
      0.93274818      0.018091850        1.9516522 
       1.0200276      0.015237248        2.0166028 
      0.92616342      0.012378072        1.8856272 
      0.94401029      0.014742448        1.9732914 
      0.83276770      0.019980309        1.7584522 
      0.92802505      0.016137360        1.8878871 
       1.0374727      0.011889517        2.1470213 
      0.82232381      0.014075260        1.7619596 
      0.85781595      0.012166556        1.7371901 
      0.88079455      0.017320842        1.8252612 
      0.87980822      0.012279315        1.8128742 
      0.91815128      0.016556685        1.9675225 
      0.83864661      0.014501906        1.6940450 
      0.94875753      0.019534846        1.9507442 
      0.86636514      0.014755574        1.8405164 
       1.0684593      0.017774854        2.1179083 
      0.98492205      0.015606896        2.0558148 
      0.93676019      0.013041809        1.8820722 
      0.86322060      0.013791343        1.7397337 
      0.82946774      0.017479720        1.7193787 
      0.96360374      0.017081293        1.9567071 
      0.88728315      0.012348705        1.7847672 
      0.84397203      0.017163966        1.7196826 
       1.3941778      0.017475392        2.6638228 
      0.83946842      0.017320473        1.6936440 
      0.96781192      0.014582016        1.9567427 
      0.83864881      0.017288186        1.7864356 
      0.82137928      0.014890628        1.6586054 
      0.83072864      0.013739192        1.7326180 
      0.91478818      0.016816702        1.8255381 
      0.88091536      0.016438655        1.8921909 
       1.0455645      0.016373836        2.1343586 
      0.98782166      0.016254134        2.0295749 
      0.94770124      0.019440259        1.9410439 
      0.88979959      0.013390672        1.8329312 
      0.85936980      0.014690936        1.7619697 
      0.84798513      0.012278841        1.7464041 
      0.91502949      0.013490359        1.9175854 
       1.0871013      0.010503931        2.1718196 
       1.2866533      0.014927780        2.5593776 
      0.88601831      0.016010314        1.8137173 
       1.0327380      0.010988150        2.1089219 
      0.96642177      0.013035285        1.9414463 
      0.80453902      0.014569296        1.6566948 
       1.0918856      0.014507811        2.1543097 
      0.92721830      0.013474914        1.7851482 
       1.1271974      0.018269643        2.2728042 
      0.84291732      0.011628867        1.7812291 
      0.84795570      0.015459663        1.7681149 
      0.84117446      0.014407514        1.7130389 
      0.98825476      0.015263677        2.0446096 
      0.86838773      0.015084028        1.7980062 
      0.82901071      0.015209564        1.6459153 
      0.82597173      0.014940378        1.7564508 
      0.86846959      0.018280286        1.8029684 
      0.85707852      0.012977621        1.7371792 
      0.84960213      0.014436051        1.7346128 
      0.82507690      0.013590886        1.7070601 
      0.84643744      0.013193133        1.7076855 
      0.87467510      0.012889060        1.8039012 
      0.87937314      0.015741953        1.8225882 
      0.98814971      0.013932358        1.9885524 
      0.88839003      0.013858569        1.7906975 
      0.80992708      0.010873734        1.7042678 
      0.90281430      0.013916285        1.8933480 
      0.89112868      0.016642231        1.8444650 
      0.80938617      0.017341011        1.7284493 
      0.97702218      0.013408231        2.0575967 
       1.3415265      0.025622618        2.6452212 
       1.3781867      0.019738133        2.7112234 
      0.90091298      0.017095635        1.9372406 
      0.83239568      0.015201163        1.7269394 
       1.0241711      0.014948096        2.1116464 
      0.85078310      0.017180222        1.7224897 
       1.1335107      0.014436872        2.2237608 
      0.87975247      0.011966728        1.8194657 
      0.47653154      0.023166442       0.97447006 
       

      0.72869061       0.42154964        1.0410152 
       2.3687639      0.014237990        4.6576668 
       1.8087334      0.021691948        3.4881345 
       1.1596503      0.012234344        2.3258258 
       1.3657779      0.018367087        2.7603409 
       2.0133453      0.016711197        3.6567648 
       1.3466522      0.020499627        2.6402194 
       1.3054555      0.016832146        2.6926643 
       1.4028139      0.013024002        3.0113796 
       1.5934047      0.022301976        3.2232564 
       1.5932257      0.014632627        3.2199206 
       1.8691991      0.024892243        3.6334359 
       1.0791775      0.012150119        2.1507936 
       1.2518343      0.014182727        2.4534640 
       1.5804572      0.018009605        3.0409867 
       1.2312980      0.013133826        2.5802946 
       1.2631089      0.013488176        2.5273037 
       2.2443226       0.15212045        4.4562926 
       1.3261064      0.010654316        2.7202304 
       1.1442834      0.016417807        2.2644178 
       1.6637483      0.026241575        3.2462151 
       1.5057412      0.026686918        2.8761632 
       1.5533325      0.018018728        2.8931075 
       1.8885214      0.020628396        3.7249606 
       1.1103458      0.017834140        2.3485267 
       1.1805696      0.011903325        2.3809972 
       2.6447499       0.15622582        4.9289513 
       1.1964288      0.013529166        2.4310069 
       1.5224873      0.014527664        3.0240387 
       1.2677902      0.014031583        2.6554862 
       1.3015985      0.014615060        2.4982163 
       1.1510571      0.013256142        2.3522245 
       2.0465581      0.040432243        4.1212066 
       1.4741032      0.016441024        2.9008809 
       1.1527969      0.016928262        2.5524056 
       1.7524624      0.021137093        3.4521419 
       1.4404896      0.020881215        2.9088468 
       1.4455942      0.015301987        2.8802621 
       1.9608817      0.016449530        3.7101989 
      0.94100698      0.011903191        1.9752203 
       1.3604328      0.014876247        2.6581709 
       1.1411505      0.010887324        2.2341833 
       1.5851978      0.018660974        3.0889021 
       1.4859803      0.015419792        2.8852868 
       1.2236365      0.011001863        2.4257954 
       1.2048150      0.015289592        2.3973764 
       1.2605295      0.016780256        2.5914409 
       1.6750746      0.014457389        3.0717341 
       1.3759018      0.012099912        2.6429164 
       1.3654876      0.015037096        2.6890662 
       1.4511794      0.013065149        2.7811486 
       1.0288414      0.012949021        2.1151650 
       1.4575376      0.016606272        2.7974836 
       1.4296990      0.011105907        2.6625845 
       1.1206322      0.020929217        2.2860154 
       1.2440456      0.012509763        2.6792920 
       1.3077117      0.013365207        2.6565032 
       1.3842825      0.011090664        2.4571699 
       1.9369231      0.014259022        3.8359122 
       1.4176861      0.014283991        2.7684480 
       1.2218664      0.015354888        2.3777226 
       1.7095396      0.034250601        3.4350933 
       1.8448690      0.056471849        3.5154448 
       1.8541370      0.072106107        3.5438063 
       1.8274712      0.038554377        3.4558086 
       1.1209790     0.0099310521        2.1361740 
       1.2659709      0.012644240        2.5666839 
       1.0004278      0.016485129        2.1045114 
       1.3665389      0.014230430        2.7639306 
       1.1219683      0.017823913        2.2198068 
       1.3288205      0.013140945        2.6790943 
       1.5496657      0.015845284        3.3428697 
       1.2652101      0.011878790        2.4552485 
       1.3490129      0.014704422        2.7103835 
       1.4515491      0.017678590        2.8503302 
       1.2621228      0.011588215        2.6171712 
       1.1466896      0.016164843        2.2725916 
       1.1556263      0.014005124        2.3378265 
       1.6561994      0.016932403        3.3102193 
       1.0547558      0.011888670        2.0579054 
       1.1214093      0.011173703        2.3444096 
       1.1254156      0.016644739        2.2844675 
       1.5030755      0.018865711        2.9873315 
       1.4658840      0.016368288        2.8413247 
       1.5285069      0.019725938        2.9921722 
       1.0814997      0.013825650        2.1999005 
       1.1049071      0.018045070        2.2913561 
       1.3815427      0.014671613        2.6694620 
       1.1608661      0.017273426        2.3314596 
       1.0692555      0.014898879        2.2923377 
       1.1876292      0.012414428        2.4473208 
       1.5342637      0.019487596        3.0435792 
       2.3908080       0.14432985        4.5087306 
       3.5879874       0.57268360        6.4866044 
       2.2270385       0.25095630        4.3589781 
       3.4791502       0.45258166        6.6381144 
       2.7116939       0.21463426        5.0309597 
       2.1200417      0.035055603        4.0825721 
       3.1650911       0.39907431        5.8328295 
       1.6398608      0.016991335        3.2001910 
       1.9151682      0.016068636        3.4635935 
      0.58705839      0.020341309        1.2347961 
       
      0.84106583       0.45538832        1.1555394 
       1.5552761      0.013922959        2.9319668 
       1.2926096      0.014937022        2.4404799 
       2.6955646       0.12802313        4.9778010 
       1.4391013      0.012977327        2.6732767 
       1.0212974      0.015600176        2.0426008 
       2.9948439      0.043662752        4.8456108 
       1.5950711      0.014022766        3.0098341 
       1.0756984      0.014850870        1.9800782 
       3.1516883       0.27844579        5.8344818 
       1.1146003      0.016009376        2.0885427 
       1.7514531      0.016343450        3.2130193 
       1.5116861      0.015206646        2.8812192 
       1.0441196      0.011618435        2.0205775 
       1.2461196      0.013696476        2.5972095 
       1.2929770      0.015863877        2.2335008 
       3.3231238       0.31621614        5.8191878 
       1.1545729      0.014284133        2.1827494 
       1.9547420      0.015203262        3.6121320 
       1.1757632      0.016087097        2.2448095 
       3.4456301       0.44557511        6.2629668 
       2.6348331      0.017120377        4.7656753 
       1.0915298      0.017074449        2.3244477 
       1.3771975      0.016085029        2.4888763 
       1.1833982      0.015196000        2.2046500 
       1.4965224      0.015537275        2.8061894 
       1.0660963      0.011710849        2.0299409 
       1.8055263      0.022203178        3.4417570 
       2.0807665      0.021981982        3.7701726 
       1.0834797      0.013893728        2.1983775 
       1.7132261      0.018805568        2.9886004 
       2.6385378      0.087143782        4.6570670 
       1.2688399      0.015828350        2.1123916 
       2.0815989      0.016586278        3.8336827 
       2.3061002      0.021590877        3.9553399 
       1.0913637      0.015705858        2.0456671 
       1.3986014      0.019507380        2.6380034 
       1.2067367      0.015417208        2.4860354 
       1.8175747      0.012744294        3.2632363 
       1.1547381      0.014786803        2.2276040 
       1.5847126      0.014940153        3.1784233 
       1.2056947      0.014452713        2.2992666 
       1.2463193      0.012354006        2.4505652 
       1.4266432      0.015155131        2.7177540 
       1.2331941      0.015121095        2.3669539 
       1.0835925      0.013396805        2.1188854 
       1.2277219      0.013457760        2.3493376 
       2.1482265      0.017383264        3.8119007 
       1.1596418      0.013397129        2.1270170 
       1.1271903      0.015052296        2.2465616 
       2.7876150      0.046277452        4.9891868 
       1.0236753      0.013814937        1.9209317 
       2.5076186      0.035717017        4.6832959 
       1.0666671      0.013411872        1.9852426 
       1.3555792      0.019424308        2.7098752 
       1.0970321      0.014700685        2.1651187 
       2.3474437      0.022268478        3.8544188 
       2.1564726      0.016050904        3.7239575 
       1.6397966      0.012813925        2.9710191 
       1.1682707      0.012691455        2.1794189 
       1.7337540      0.014619080        3.2679943 
       2.6122042      0.018444151        4.6684818 
       1.1590616      0.017350682        2.1189909 
       3.2662977       0.42710340        5.9196454 
       1.9746095      0.020366875        3.7009388 
       1.3279899      0.012927065        2.4584369 
       1.3839831      0.016834679        2.5745680 
       1.8133803      0.016247059        3.4420606 
       1.3332897      0.013849332        2.1874222 
       1.7069289      0.015174649        3.0596648 
       1.6801847      0.014196498        3.1509101 
       3.5237334       0.41272110        6.6061205 
       1.3071409      0.014340554        2.2154785 
       2.2972366      0.012146660        4.1599810 
       1.1660563      0.014143560        2.2502141 
       1.5509423      0.016804818        3.0800667 
       1.8352168      0.018486061        3.1668200 
       1.0942893      0.011004439        2.2410594 
       1.6227685      0.018985455        3.1003825 
       1.3235005      0.013104810        2.5055628 
       1.1713340      0.017275645        2.3522376 
       1.3379698      0.015341196        2.5539144 
       1.7509374      0.017199756        3.1461233 
       1.3074330      0.014363239        2.3662729 
       1.9489701      0.014970278        3.6146612 
       1.3140193      0.015085078        2.4353246 
       1.1957037      0.012596683        2.3145243 
       1.9023684      0.013338473        3.5609644 
       2.3724942      0.017447444        4.0432028 
       3.0379473       0.21284064        5.3623048 
       2.6108757      0.026683719        4.7196661 
       3.6659873       0.43118193        6.3784096 
       8.4021413        1.3719507        14.854673 
       4.6388053       0.52528101        7.5835986 
       4.2821453       0.69587300        7.9072923 
       1.5645171      0.018811297        3.0166681 
       1.1648154      0.014520805        2.2676565 
       1.2073753      0.019632491        2.3663713 
       2.1433750      0.014523446        3.8001301 
       1.0018115      0.010662851        1.9632248 
       1.5330358      0.013692434        2.9319108 
      0.93440966      0.017325767        1.9523294 
       

      0.62798818       0.10662221        1.6239738 
       2.0182842      0.038974619        4.5583448 
       1.0389636      0.018012752        2.0905064 
       1.5834192      0.063452660        3.4155214 
       1.2615314      0.068442343        2.6911662 
       1.4642100      0.030798505        3.1617262 
       1.2103892      0.016883135        2.5238956 
       1.4390520      0.012212959        3.1049095 
       1.2456059      0.017717607        2.5503291 
       1.5124838      0.018989343        3.2122228 
       1.1405724      0.012132771        2.3434297 
       1.2939237      0.011766569        2.8697032 
       1.2317650      0.037462890        2.6026383 
       1.5463813      0.077655084        3.4272172 
       1.1552243      0.034086676        2.6246757 
       1.6367335      0.049889426        3.2088089 
       1.0577781      0.011483355        2.4177343 
       1.7030543      0.028239545        3.3431723 
       1.1004611      0.011831791        2.4721070 
       1.3498777      0.013315277        2.9791151 
       1.1000719      0.012839098        2.3948947 
       1.7852621      0.042896353        3.3303639 
       1.0560863      0.011917140        2.3913219 
       1.3693440      0.014020709        3.0316224 
       1.2998274      0.021893624        2.7885528 
       1.3227923      0.015566320        2.7254894 
       1.1801296      0.012327557        2.7675620 
       1.1536263      0.010068513        2.7844848 
       1.3766907      0.014873363        2.9492843 
       1.2683487      0.012361346        2.7074656 
       1.1519652      0.011878677        2.6056313 
       1.5210912      0.012805293        3.0006803 
       1.3606971      0.013884757        2.7039619 
       1.3054990      0.013386612        2.6045406 
       1.3449172      0.015463275        3.0087257 
       1.1340194      0.017760254        2.4717122 
       1.5451068      0.019559687        2.9834007 
       1.1852017      0.012210616        2.5866667 
       1.4032690      0.014558177        2.8844191 
       1.2823747      0.010172735        2.6761859 
       1.4381875      0.012028020        2.9279739 
       1.2635644      0.010202123        2.7493345 
       1.1708776      0.010634092        2.6113529 
       1.4141777      0.014030288        2.8212830 
       1.3730551      0.013330375        2.7201693 
       1.3203800      0.014638062        2.8706802 
       1.2277923      0.012850040        2.6302360 
       1.2352091      0.017060467        2.8775954 
       1.2403657      0.012873550        2.7056572 
       1.2257028      0.013177060        2.5817747 
       1.5477441      0.012593089        2.8743667 
       1.0064023      0.012423515        2.3833690 
       1.4900122      0.043766585        3.1363938 
       1.2323511      0.013432365        2.7758058 
       1.2166075      0.013057983        2.7617357 
       1.1633787      0.013481405        2.5638914 
       1.3400367      0.012796718        2.7722126 
       1.0909289      0.011745522        2.4946480 
       1.5487909      0.048810598        3.2135153 
       1.2746837      0.014700430        2.7495375 
       1.2328611      0.017294286        2.6423759 
       1.3742639      0.039601874        2.8371487 
       1.5162952      0.014821888        3.0068138 
       1.0432909      0.013963225        2.3284625 
       1.7121887      0.092860655        3.4811872 
       1.1269778      0.016374025        2.5956567 
       1.2764348      0.015313884        2.8327519 
       1.1860863      0.014526068        2.6638321 
       1.3655735      0.015485549        2.9139985 
       1.2222171      0.010813005        2.5148032 
       1.3321171      0.010556364        2.8098815 
       1.2889232      0.013140139        2.7633352 
       1.1954702      0.015250309        2.6887268 
       1.3411862      0.028731715        2.8231285 
       1.3828397      0.038384890        3.0260610 
       1.1215012      0.014065289        2.3996670 
       1.1922620      0.010657587        2.8541017 
       1.2101440      0.016472046        2.7780054 
       1.3127008      0.014893909        2.9051338 
       1.1886229      0.011125300        2.6402651 
       1.2948297      0.015980312        2.7739426 
       1.2617370      0.012181695        2.7147104 
       1.3055680      0.013576885        2.6848982 
       1.2537320      0.021589022        2.7038916 
       1.4476414      0.031261840        2.9250011 
       1.1909598      0.012871457        2.6450933 
       1.4130852      0.013914918        2.9377151 
       1.2189648      0.013723240        2.8127528 
       1.1962982      0.012188378        2.5869940 
       1.6113372      0.092994592        3.2322838 
       1.3492018      0.068015022        2.9306849 
       1.1209330      0.014276101        2.5557058 
       1.2819671      0.016575359        2.8687102 
       1.2287226      0.013888136        2.6359527 
       1.2623184      0.010566320        2.9767060 
       1.2594181      0.012001178        2.7092150 
       1.5360546      0.011274800        3.3750683 
       1.1359922      0.012336158        2.4159788 
       2.0737326      0.012221824        4.1380058 
      0.79116487      0.020204330        1.6387658 
       4.4023477      0.018856127        9.0714359 
      0.14037078      0.020490229       0.28256302 
