     0.31100086       0.26316358       0.37889306 
      0.75646383       0.23787905        1.4987819 
      0.55349519       0.12333432       0.92559635 
      0.51718955      0.085568406       0.91227065 
      0.52612104       0.11801234       0.90691813 
      0.52060132       0.17387033       0.91248922 
      0.44765393      0.071233010       0.76237122 
      0.39882152       0.11243897       0.67254008 
      0.36530256       0.12363883       0.64253840 
      0.33482273      0.096834458       0.51187336 
      0.31627131      0.086074094       0.50476008 
      0.31199301      0.063848022       0.54950565 
      0.35229383      0.078438274       0.50661430 
      0.38097202       0.13433602       0.56732239 
      0.34208076      0.095717126       0.50424250 
      0.32924894      0.089392532       0.57915645 
      0.33299493       0.12969831       0.56497309 
      0.43531274       0.17223343       0.69648856 
      0.44149677      0.058327509       0.66257831 
      0.43034095      0.056007633       0.74530019 
      0.48433629       0.19662907       0.70321145 
      0.49299803       0.12667696       0.77758015 
      0.42098935      0.093221395       0.67612144 
      0.37835356       0.11930010       0.68313375 
      0.34458329      0.090519330       0.50271011 
      0.31726224       0.10122949       0.51488439 
      0.33343917      0.070361846       0.48850907 
      0.33953271      0.052587425       0.53394572 
      0.31333608      0.070498140       0.56068906 
      0.27870719      0.024023406       0.46623367 
      0.29322171       0.10813370       0.48655662 
      0.29223553       0.13941651       0.43123377 
      0.31425167       0.14043885       0.52389264 
      0.31115210      0.070869838       0.50944684 
      0.31399635      0.024168510       0.61408544 
      0.30869317      0.055408390       0.53576019 
      0.31566210      0.080665876       0.46032204 
      0.32559567      0.092496575       0.50053784 
      0.28178439      0.083237899       0.47209709 
      0.30378983      0.059962223       0.48682762 
      0.30358292      0.041197889       0.48749909 
      0.31542820      0.049073110       0.54183334 
      0.30061422       0.10367825       0.48986515 
      0.29002640      0.073885873       0.44474840 
      0.26490580      0.089127335       0.37499785 
      0.27332261       0.10683643       0.45175472 
      0.37685927       0.11112860       0.65409578 
      0.40802377      0.079307382       0.71850479 
      0.46506739       0.10619820       0.72058130 
      0.58239532       0.31528111       0.94704727 
      0.53307595       0.24501837       0.79209051 
      0.45246287       0.16458260       0.73237322 
      0.43993854      0.098533548       0.75067329 
      0.43722302       0.22515752       0.75565254 
      0.38435726       0.11385586       0.64935649 
      0.42932954      0.076539477       0.64053433 
      0.45695756      0.060501649       0.75940270 
      0.41291454       0.13563003       0.80806236 
      0.41038195       0.14079773       0.74002603 
      0.33337167      0.051370704       0.44872200 
      0.31287194      0.056848768       0.52393662 
      0.32384043      0.044256569       0.51760489 
      0.29059777      0.060874286       0.48383733 
      0.26990712      0.095286671       0.45224715 
      0.26752744      0.075814192       0.45451860 
      0.24968454      0.069338769       0.40951707 
      0.23217986      0.034869132       0.35771777 
      0.24930168      0.042316243       0.45137422 
      0.24233614      0.067983795       0.43426214 
      0.26699971       0.12239209       0.47214824 
      0.30601368      0.049611194       0.48822554 
      0.36790524      0.034129788       0.56295112 
      0.27678407      0.060888366       0.43883962 
      0.29055013      0.045481257       0.45603185 
      0.31201108      0.029866675       0.50420547 
      0.25342620      0.047559896       0.38256806 
      0.21374095      0.049360018       0.35619880 
      0.22324939      0.049127841       0.47005099 
      0.29060821      0.042761863       0.46773942 
      0.35129602      0.068723965       0.65763076 
      0.33664683      0.076830964       0.54446939 
      0.36975971       0.12310012       0.67217262 
      0.43170885       0.15560116       0.71757819 
      0.49607628       0.17456552       0.82924053 
      0.50763987       0.22116840       0.81462258 
      0.49685410       0.11075449       0.93284638 
      0.43078098      0.058891262       0.69941859 
      0.38241120       0.17033273       0.75811578 
      0.38449605       0.12151867       0.66545307 
      0.40642932       0.14970275       0.71066088 
      0.46448589       0.21885808       0.70470246 
      0.46356350      0.049500752       0.74556730 
      0.45735790       0.16749400       0.73881328 
      0.43633420       0.22805894       0.81463409 
      0.44166298       0.16101782       0.78053725 
      0.41452504      0.097654243       0.68315457 
      0.38841857      0.093121862       0.64059555 
      0.44595907       0.11233058       0.63478772 
      0.45386736      0.089774399       0.72871995 
      0.40733159       0.10505344       0.67519079 
      0.37503867      0.059155124       0.60528029 
      0.38286097      0.039361391       0.68685676 
      0.67683851       0.59527808       0.74502619 
       1.5654521       0.25006468        2.7611866 
      0.85400416       0.11781227        1.6256856 
      0.81400439      0.094487034        1.5083911 
      0.83504096       0.17761675        1.3896641 
      0.98248673       0.25445695        1.8610771 
       1.0023123      0.065687798        1.5343622 
      0.92123839      0.088064373        1.5214610 
      0.95706891       0.11373255        1.8728306 
       1.0682546       0.19909211        1.9630557 
      0.92646265       0.18049224        1.5453822 
      0.97494006       0.39755939        1.7277228 
      0.93297238      0.069162641        1.5987557 
      0.65774278      0.088266495        1.1018692 
      0.77812710      0.089720542        1.3933345 
      0.80878563       0.20640727        1.3199535 
      0.99519017      0.062278475        1.7184274 
       1.0162585       0.15986157        1.6318366 
      0.82159887      0.024438977        1.4359088 
      0.78465441      0.061839070        1.5386538 
      0.87478240       0.16368062        1.6917705 
      0.95787653       0.13100720        1.4284343 
       1.0517730       0.24298419        2.0291783 
      0.95639580      0.076207762        1.5835283 
      0.70392151      0.061534955        1.3080359 
      0.69102812      0.032373250        1.3204482 
      0.79083204      0.078473940        1.3771201 
      0.83018690      0.076703359        1.7189173 
      0.98068758      0.081119678        2.0432658 
      0.92477263       0.10890210        1.7266207 
      0.85070188       0.16066936        1.4811201 
      0.77518724      0.056482892        1.2215278 
      0.85384835      0.096696485        1.2781068 
      0.87023476       0.36835269        1.5899768 
      0.88265480      0.097131116        1.4854473 
      0.95620029      0.079237270        1.4532260 
      0.99321868       0.10920197        1.7286050 
      0.89647288       0.15709205        1.6509985 
      0.80593234       0.12764432        1.5457573 
       1.0243182       0.14619520        1.7391503 
       1.0016925       0.25534149        1.8043424 
      0.91266276       0.21409315        1.4760801 
      0.86675262       0.14456203        1.5321761 
      0.93309666      0.054191704        1.6164806 
      0.94665771       0.11148202        1.5968171 
      0.80864834       0.10148762        1.5281337 
      0.92256491       0.11484665        1.6510640 
       1.0497177      0.065813849        1.7215719 
       1.1146577       0.21473657        2.0123006 
       1.1062483       0.12486439        1.8640268 
       1.0341175      0.094150587        1.7439513 
       1.0215072       0.18054665        2.0088508 
      0.96628923       0.15714319        1.4509896 
      0.83164774       0.10504359        1.4783118 
      0.77676024       0.21594272        1.4558701 
      0.79756542       0.24782455        1.2034096 
      0.79564779       0.33236034        1.3508827 
      0.80769590      0.069903229        1.5333790 
      0.85589607       0.28002947        1.5618590 
      0.97887527      0.099216678        1.6367090 
      0.83700645      0.057775360        1.8134270 
       1.0808866       0.12745569        2.2177024 
      0.93656455       0.19572574        1.7978234 
       1.0917255       0.15499349        1.7911166 
       1.0965408      0.074208008        2.3044966 
      0.82155164       0.11306545        1.3213999 
      0.95337325      0.095492786        1.5559178 
      0.92135070      0.097526895        1.6527567 
      0.82310481       0.12585987        1.5891534 
      0.80018199       0.18767095        1.3700097 
      0.85173191      0.071591606        1.4780210 
      0.83519886      0.069991673        1.3043809 
      0.81163826      0.080145244        1.6499360 
      0.78561390       0.18666758        1.3673735 
      0.70502200      0.097640471        1.4634066 
      0.89396095      0.032353244        1.6714747 
      0.79504400      0.091050400        1.3597642 
      0.84135052       0.20251779        1.4770763 
      0.84821608       0.11887540        1.4947493 
      0.89339842      0.045375492        1.7193014 
      0.84229589       0.18136749        1.4394431 
      0.87455775      0.095709626        1.3657146 
      0.90812406       0.11647663        1.5885768 
      0.75397710      0.067261461        1.1863390 
      0.81444615      0.089923911        1.4052216 
      0.80860568      0.087222539        1.4538771 
      0.80728147       0.16780023        1.4033217 
      0.72323816       0.11552653        1.3344723 
      0.81930060       0.21749159        1.3731234 
      0.96694225       0.29921980        1.6137799 
      0.70589325      0.099853724        1.1048307 
      0.82315936      0.036722044        1.3083634 
      0.79512910       0.11156194        1.1646834 
      0.68083001       0.11153195        1.3130507 
      0.59940093      0.052394603        1.1702104 
      0.77640754      0.047832450        1.6236323 
      0.77804483       0.23327035        1.4948262 
      0.69763336      0.047536508        1.1307029 
      0.82503987       0.19290290        1.5497812 
      0.73788441      0.057874030        1.4889226 
      0.71124730      0.092692832        1.3742249 
      0.72286722      0.094400400        1.3225999 
      0.63755440       0.44193531       0.92886800 
       1.4023104       0.44216974        2.1009997 
      0.92513492       0.34039376        1.5281607 
      0.85154607       0.21883325        1.3203557 
      0.81345175       0.13960708        1.2616135 
      0.88314627       0.22930384        1.4734371 
      0.82445017       0.16331887        1.3389778 
      0.82242607       0.26799318        1.2798550 
      0.82491384       0.30696474        1.4094911 
      0.70474250       0.19133237        1.2032586 
      0.67821470       0.16459792        1.2290585 
      0.68317276      0.090806135        1.2447562 
      0.83304035       0.20321864        1.4891129 
      0.82124922       0.19725618        1.5327462 
      0.76091160       0.16955906        1.1824682 
      0.87322323       0.20244509        1.3914553 
      0.79210604       0.22688094        1.2726282 
      0.78149527       0.35507586        1.1474816 
      0.67031932       0.26204757        1.1787772 
      0.57316418       0.21308962       0.98630122 
      0.62730425       0.18224850        1.0973498 
      0.65279967       0.17592239        1.0978395 
      0.66464621       0.21359590        1.1199226 
      0.64487862       0.20834187        1.1935437 
      0.71672599       0.13974991        1.1356028 
      0.66681557       0.18584410        1.1303333 
      0.69465031       0.20978737        1.3829211 
      0.67693529       0.18012662        1.4311557 
      0.68641338       0.13998356        1.0463942 
      0.56348436       0.14941304       0.93721111 
      0.55143941       0.20639451       0.94563909 
      0.65561944       0.19784031        1.0189786 
      0.68834244       0.15239449        1.3711601 
      0.68810545       0.20746221        1.2685804 
      0.70749283       0.19498063        1.0891246 
      0.77922979       0.16295018        1.0532471 
      0.83026226       0.28102894        1.6416199 
      0.82636225       0.21415612        1.3872945 
      0.80981752       0.35135747        1.3268225 
      0.77853483       0.14042445        1.3327853 
      0.71505358       0.24541242        1.1485545 
      0.66845718       0.13958876       0.93433225 
      0.67856580       0.28319333        1.2656311 
      0.60672788       0.15472586        1.0806206 
      0.61150016       0.12174368        1.1932878 
      0.68368241       0.12592949        1.1793463 
      0.68613408       0.14238929        1.2268781 
      0.72116684       0.17395694        1.1786778 
      0.82039533      0.087647465        1.4137876 
      0.77109211       0.14716724        1.4299769 
      0.69872844       0.20273287        1.1974980 
      0.71729019       0.26128006        1.2653818 
      0.82390142       0.28181265        1.2911503 
      0.90894082       0.21240604        1.8008460 
      0.85090717       0.13860737        1.3505885 
      0.78897738       0.28351659        1.2365386 
      0.79203551       0.29171733        1.2411157 
      0.81241600       0.24022572        1.5143060 
      0.77617960       0.29592379        1.3923934 
      0.80435217       0.23483775        1.3564414 
      0.87440489       0.12367217        1.5135179 
      0.89145612       0.19383757        1.6566266 
      0.82615457       0.31001499        1.4842201 
      0.90266451       0.22069024        1.8690653 
      0.83540638       0.18715424        1.2195867 
      0.81544674       0.28993416        1.3485013 
      0.83753627       0.20130924        1.3228248 
      0.88806384       0.19314894        1.4242611 
      0.85211912       0.26013317        1.2286164 
      0.77349388       0.25637880        1.4020441 
      0.82503152       0.18829542        1.3996821 
      0.71862126       0.23588512        1.3108693 
      0.66219136       0.20342102        1.1331438 
      0.74084731       0.15918932        1.2011496 
      0.78007462       0.23695753        1.2770840 
      0.70669839       0.16401611        1.0878672 
      0.68061201       0.16784090        1.1258665 
      0.56874762       0.14913653       0.87943773 
      0.62430196       0.10699309        1.1875752 
      0.61220920       0.12177891        1.0379022 
      0.68756424       0.12975286        1.0614151 
      0.65884231       0.10625367        1.0346443 
      0.64702381       0.12826209        1.1358617 
      0.66410197       0.20837198        1.2605100 
      0.71313362       0.21215461        1.3749700 
      0.61335700       0.17828132       0.92900041 
      0.69793298       0.20839187        1.0249850 
      0.77053762       0.15939133        1.0992676 
      0.81199635       0.23268742        1.3267796 
      0.76114125       0.18156061        1.1386135 
      0.78423319       0.18673578        1.2287698 
      0.69486835       0.28728484        1.2579852 
      0.76954183       0.20243951        1.1601571 
      0.74845311       0.23300081        1.0979749 
      0.70464114       0.21342539        1.1183281 
      0.57781209       0.19222833       0.92316395 
      0.65741967       0.15535926        1.0740415 
      0.67261520       0.14294733        1.1101849 
      0.67123565       0.11104550        1.1968191 
      0.65149297       0.14428996        1.0972835 
      0.44563899       0.18771250       0.76838123 
      0.26523777       0.11036723       0.45384175 
      0.58657574       0.45887256       0.71536188 
       1.2149860       0.39423771        2.1741014 
      0.84066367       0.13084180        1.3820526 
      0.80617590       0.13359266        1.4883352 
      0.74252471      0.055416843        1.3393369 
      0.68949026      0.073818799        1.1393496 
      0.62679338       0.16746823        1.2111734 
      0.78003987       0.21781335        1.2919398 
      0.78013969       0.17633444        1.5158550 
      0.82417749       0.19729861        1.3734772 
      0.74717916       0.10579850        1.1590075 
      0.68532731       0.18672308        1.2054993 
      0.68658012       0.10231000        1.2361579 
      0.69548752       0.14600683        1.2490393 
      0.76321687       0.15248001        1.3248559 
      0.69868971       0.13794890        1.0804241 
      0.70717230      0.066063862        1.3365252 
      0.76604817       0.10720652        1.3249998 
      0.77321639       0.23796055        1.4716013 
      0.75169791       0.31403234        1.3646165 
      0.68571506       0.10817910        1.1091356 
      0.70983148       0.10754822        1.1856662 
      0.76719672       0.16662891        1.3156500 
      0.71606243       0.11943400        1.2999036 
      0.71334903      0.089251930        1.2420376 
      0.64358526       0.12023963        1.1058991 
      0.61950739      0.095905842        1.0806199 
      0.58373760      0.039660972       0.94634579 
      0.57390390      0.070602431       0.88028293 
      0.59693161      0.088577370       0.90902478 
      0.61495235      0.090148671        1.1565201 
      0.66254024       0.25086198        1.1328296 
      0.69385318       0.12942406        1.0579283 
      0.71321413       0.13901094        1.2893552 
      0.58226860       0.15357278        1.0991925 
      0.52975217      0.062666938        1.0226319 
      0.58421231       0.10170016        1.0844642 
      0.65624525      0.085954508        1.1404849 
      0.65686137       0.12665225        1.1676998 
      0.63602158      0.070829702        1.0118567 
      0.57224576       0.12720389        1.0641137 
      0.58426215       0.20505162       0.94372265 
      0.60905298       0.12421173       0.96663084 
      0.55805295      0.064478270       0.85183869 
      0.59469255      0.038571909        1.0281897 
      0.66317497       0.11364011        1.1909485 
      0.66029138       0.22708514        1.1667537 
      0.68396602       0.19246398        1.2205313 
      0.82487406      0.062181408        1.4960978 
      0.83519363       0.16000023        1.4067744 
      0.71923173       0.16266469        1.4811406 
      0.58857909       0.14034716        1.0402150 
      0.70586063       0.14103673        1.2312964 
      0.66503607       0.15361914        1.2872883 
      0.64160102       0.17229051        1.1608599 
      0.75960871       0.22003972        1.3274563 
      0.72510167       0.12885298        1.3455336 
      0.68561100       0.13509961        1.1565076 
      0.77893739       0.11789452        1.2247874 
      0.73841117       0.15269627        1.3993007 
      0.68650969       0.12994821        1.1821844 
      0.66047166      0.085869927        1.0993556 
      0.68355602       0.12623983        1.1858388 
      0.66959543      0.056072747        1.1878322 
      0.67959841       0.11261511        1.3230087 
      0.77129056       0.18035674        1.4670933 
      0.72501934       0.13802180        1.4129141 
      0.72572555       0.10141381        1.4692376 
      0.73712413       0.11355455        1.3405221 
      0.62378341      0.025676502        1.0280697 
      0.57130291      0.065878357        1.0051857 
      0.58301729      0.044938870        1.0562054 
      0.63543647      0.052454198        1.0691275 
      0.68905579      0.066658317        1.2009620 
      0.74163772      0.096518613        1.0590725 
      0.71381794      0.092313114        1.3572549 
      0.77651450       0.22424291        1.1236431 
      0.74630557      0.054810868        1.2616119 
      0.82533570       0.24624382        1.4235533 
      0.76903196       0.29805480        1.2078794 
      0.77885342       0.31386373        1.3013579 
      0.72734688       0.18804969        1.1401363 
      0.88605908       0.12603820        1.4979493 
      0.85277685       0.17539321        1.6175088 
      0.76808774       0.17962666        1.4787147 
      0.68888599      0.058929421        1.1590320 
      0.65036918       0.14492745        1.1022667 
      0.72638342      0.040369745        1.4368308 
      0.69412957      0.049063963        1.1692182 
      0.70830175      0.062329292        1.3204692 
      0.82306252       0.11216858        1.7067810 
      0.88946851       0.24807619        1.7719375 
       1.1882603       0.54210223        2.1482606 
      0.99507315       0.31391700        1.7066519 
       1.0122188       0.43038509        1.5703178 
       1.0479826       0.26860903        1.8011716 
      0.90642684      0.083126460        1.4891022 
      0.90397508      0.084584680        1.5628778 
      0.84120798       0.14296479        1.3750389 
      0.75279641       0.18977441        1.2354178 
      0.65688627       0.11515991        1.0969417 
      0.61521556      0.089646543       0.97777414        
      0.84455260       0.75303365       0.97395826 
       1.5683538       0.64372943        2.3623182 
       1.1026531       0.29281852        1.7214415 
      0.93435097       0.34818200        1.4014107 
      0.94297476       0.28271558        1.5312951 
       1.0103565       0.16111151        1.6389419 
      0.91943484       0.28816236        1.4585391 
       1.0000830       0.25334469        1.7564152 
       1.0169057       0.16084984        1.6442838 
       1.0267199       0.19145276        1.5635849 
       1.0178728       0.31944973        1.6790177 
      0.87464176       0.31296421        1.2841741 
      0.92659612       0.21189672        1.6888591 
      0.87675863       0.37381470        1.4218106 
      0.93148269       0.19297198        1.4123361 
       1.0058880       0.27911806        1.5050713 
      0.94371862       0.26189882        1.5554858 
       1.0208553       0.19407896        1.8308805 
       1.0083203       0.30475053        1.7575487 
       1.0038195       0.25590152        1.4310842 
       1.0305088       0.20333911        1.6677588 
       1.0357844       0.30113998        1.6276613 
       1.0703687       0.41360583        1.6909780 
       1.0079304       0.54804120        1.5115372 
       1.0950593       0.32098442        1.7050235 
       1.0084511       0.27472545        1.5890250 
       1.0454837       0.34842705        1.5534898 
       1.0398267       0.26055342        1.6252966 
      0.97304925       0.35035776        1.6205686 
      0.94992393       0.34660925        1.5365570 
       1.0495121       0.10855927        1.6779477 
       1.0241705       0.28758001        1.8784223 
      0.94425589       0.16030001        1.4599993 
       1.0647961       0.23128557        1.9482440 
       1.0204253       0.17429422        1.7762718 
      0.83479043       0.13488326        1.4404221 
       1.0364718       0.20525152        1.7806144 
      0.86630737       0.26634808        1.6209671 
      0.92205502       0.11893926        1.4373095 
      0.89130165       0.28458054        1.6542731 
       1.0186521       0.15544795        1.5365763 
       1.0681605       0.44943846        1.9541499 
       1.0809876       0.15730086        1.6135753 
      0.93708775       0.19497064        1.3150093 
      0.95443341       0.26907447        1.6946335 
      0.98070911       0.22383669        1.4748367 
      0.98251839       0.41215652        1.8569864 
       1.0046752       0.23898884        1.5448365 
       1.1067397       0.26186465        1.6401257 
       1.1410512       0.34323055        1.9996554 
       1.0145390       0.24585779        1.7796976 
      0.99487735       0.32038610        1.5157518 
      0.98699373       0.33093094        1.6469097 
       1.1403750       0.47009500        1.8968783 
       1.1108056       0.34147306        1.9870775 
       1.1579333       0.12736873        1.9154833 
      0.86043391       0.48248838        1.3498687 
      0.81402887       0.28078884        1.3606673 
      0.84531078       0.10982500        1.1993770 
      0.90742815       0.26190550        1.5560788 
      0.89799301       0.28398635        1.4158919 
      0.95117405       0.24049575        1.5465084 
      0.98206883       0.33375251        1.5045555 
      0.90087346       0.40037433        1.6325377 
       1.1433244       0.17332086        1.9613984 
       1.1048124       0.21092143        1.6301716 
      0.96355210       0.23865210        1.5659003 
      0.95824319      0.086025132        1.5228731 
      0.96356515       0.30060155        1.7652834 
      0.99575305       0.21377415        1.9250437 
       1.0501159       0.17487884        1.7632612 
      0.91660300       0.20413938        1.2083796 
       1.0979272       0.21568181        1.9301628 
       1.0634183       0.28250715        1.6782221 
       1.1777890       0.24213511        1.7519663 
       1.0389943       0.33415851        1.7660730 
       1.0619646       0.24375753        2.0424800 
      0.91311079       0.11600761        1.6547755 
      0.89717331       0.22187509        1.5866332 
       1.0686638       0.15039695        1.7782740 
      0.94759811       0.17922928        1.5318205 
      0.99246550       0.26451172        1.5866453 
       1.0101772       0.19178248        1.6523686 
       1.0560932       0.16824571        1.5006251 
      0.93581540       0.42888478        1.4450355 
      0.85262370       0.21620018        1.5237323 
      0.91595420       0.15342728        1.6734076 
      0.90316831       0.30086580        1.7284621 
      0.94146672      0.063279715        1.5398727 
      0.91780763       0.17849456        1.6734939 
      0.84539273       0.16674073        1.2901237 
      0.95824405       0.39722478        1.6606982 
       1.0139544       0.46148803        1.5384674 
       1.1972881       0.12732202        2.0740920 
       1.0368442       0.29848233        1.8471054 
      0.92168748       0.17664211        1.4514585 
       1.0047502       0.27512299        1.6608970 
      0.94518126       0.35569661        1.6169368 
      0.91685842       0.31660795        1.2907884 
      0.89215078       0.18292552        1.4093309 
      0.90739207       0.23102004        1.4031405 
      0.61087806       0.22569612       0.94740314 
      0.51718601       0.41496585       0.60697727 
       1.3772770       0.23999529        2.1972422 
       1.0334131      0.086294928        1.7836686 
      0.99341096       0.33655757        1.6501177 
      0.90551066       0.20192009        1.7583376 
      0.89178783       0.33360443        1.4405339 
      0.83520898       0.12608211        1.6293260 
      0.66389510      0.075170065        1.1000218 
      0.62149693      0.045451799        1.2753609 
      0.79142537      0.064808423        1.3900467 
      0.67526204      0.060648436        1.3827792 
      0.65922991      0.071539046        1.1151751 
      0.69949232       0.10241870        1.2227790 
      0.70428811      0.071608069        1.2842395 
      0.67303995       0.14469937        1.2768509 
      0.64562130      0.026477674        1.0338973 
      0.56324840      0.051736869        1.0823073 
      0.70499939      0.089579046        1.1953992 
      0.69963479      0.079014592        1.2724085 
      0.76782228      0.097661922        1.5409177 
      0.71194232       0.13605057        1.3241256 
      0.73736236      0.042063900        1.2052288 
      0.80737748      0.075375121        1.4676586 
      0.69435906       0.13828521        1.2208686 
      0.64863575      0.081035307        1.0552867 
      0.58405727      0.075884200        1.0378781 
      0.76341904      0.085715050        1.4219240 
      0.67027799      0.053432144        1.1468962 
      0.67979293       0.14803752        1.3133064 
      0.53662370      0.053741849       0.87189692 
      0.42283100      0.063267911       0.72227377 
      0.41779557      0.084245177       0.73896201 
      0.59729857      0.096724074        1.1568122 
      0.64510217      0.095852602        1.1052756 
      0.64456300      0.059117237        1.1404211 
      0.58133196       0.10317796        1.1170066 
      0.63979962      0.050649650        1.0668569 
      0.74879145       0.17390751        1.5862080 
      0.80070634      0.075890802        1.6018585 
      0.66940931      0.049327269        1.1733244 
      0.67724719       0.12920502        1.2589726 
      0.63624959       0.11774902        1.1871443 
      0.76045630       0.17865491        1.4322044 
      0.82017087       0.12857265        1.3355018 
      0.74929401       0.23862405        1.3392268 
      0.67476955      0.087228934        1.2157922 
      0.50532072       0.17784565       0.93078165 
      0.55895525       0.12110923       0.96670764 
      0.58848661      0.071148312        1.2334820 
      0.54715684      0.071386085       0.92662373 
      0.67074102       0.15659890        1.1357198 
      0.73174744       0.10145413        1.3069433 
      0.68188135      0.078138618        1.1898829 
      0.72002671      0.045280780        1.3238105 
      0.62537188      0.073971682        1.1447178 
      0.52953108      0.041782109       0.99051592 
      0.54612625      0.088256676       0.94092207 
      0.58591491      0.039720385        1.1403568 
      0.71991119      0.021574315        1.2045858 
      0.60471940       0.10795720        1.1179833 
      0.57589434      0.073720521        1.0535930 
      0.58004157      0.036585282        1.0143501 
      0.66266015      0.047127924        1.2590421 
      0.77344175       0.11200619        1.2638527 
      0.68920295      0.069342724        1.1664615 
      0.64094119       0.12318516        1.0098162 
      0.65664654      0.070318728        1.2743402 
      0.69114339       0.15222759        1.3074683 
      0.69024821       0.15005147        1.2046331 
      0.72540906       0.10822052        1.1614419 
      0.63131310      0.036865572        1.1200314 
      0.68605757       0.14829310        1.2870491 
      0.66292941       0.17994585        1.3373612 
      0.64441458      0.066482470        1.0188265 
      0.47365533       0.15176841       0.86109273 
      0.45516926       0.15418580       0.93424570 
      0.49222497      0.049509448       0.93142384 
      0.47024745      0.092733838       0.88011805 
      0.51075959      0.058740426       0.84152593 
      0.65513921       0.13692675        1.2209967 
      0.58780100      0.098980439        1.1063646 
      0.71079616      0.081290966        1.2328446 
      0.63158700      0.034323471        1.2225796 
      0.50358582      0.040227618       0.83110678 
      0.46546024      0.063532028       0.91384654 
      0.42955530      0.078657786       0.80293475 
      0.38977489      0.046900766       0.78111226 
      0.48308755      0.037717225       0.88566426 
      0.53799043      0.071609406        1.1103577 
      0.59176927      0.055964639        1.0830303 
      0.71013468       0.12745272        1.2800972 
      0.66466302      0.074963705        1.1810349 
      0.78953443       0.30919617        1.5967573 
      0.94975120       0.29212623        1.2946370 
      0.84016785       0.12900854        1.4410087 
       1.0736909       0.31870223        1.9227076 
      0.86099415       0.18866766        1.5020581 
      0.91260521      0.092634844        1.4918681 
      0.88333470       0.13042124        1.3889477 
      0.80896473      0.086265249        1.2364217 
      0.70377241      0.086181213        1.2684123 
      0.49866198      0.078707336       0.91574403
      0.64378597       0.53961998       0.77369740 
      0.95792788       0.19494129        1.6202826 
      0.73265575      0.082633100        1.3163927 
      0.82070419      0.029163171        1.5694687 
      0.76752165       0.10739386        1.3389515 
      0.73388999      0.051186851        1.3440657 
      0.72184228       0.18853004        1.4144300 
      0.58892924      0.088801397        1.0757177 
      0.51079927       0.15482296       0.88245465 
      0.57729352      0.065751166       0.98610025 
      0.51018136      0.090271321       0.90489709 
      0.56898763      0.048453318       0.97575675 
      0.60581273      0.083685652        1.0601554 
      0.69899337       0.12552067        1.2403821 
      0.80327145       0.15090949        1.3323860 
      0.78255103      0.055279725        1.0480400 
      0.82457279       0.23552424        1.3752429 
      0.72880214       0.20867665        1.2408413 
      0.66257481       0.10906145        1.0135995 
      0.69464425       0.16465083        1.0656784 
      0.82544221       0.14811486        1.4352358 
      0.91594052      0.041745810        1.5649449 
      0.91429959      0.095493712        1.4015919 
      0.63698617       0.16464542        1.0245032 
      0.60723920       0.11154988        1.0916521 
      0.72810946      0.076660849        1.6074312 
      0.72026338      0.046412243        1.2726987 
      0.71682498       0.11030714        1.1738062 
      0.66188815      0.095395700        1.0552763 
      0.68596136       0.15030915        1.1924326 
      0.72207406       0.26049243        1.1765160 
       1.0443390       0.21105970        1.4700443 
      0.88119337       0.20542983        1.6173194 
      0.88963736       0.21903250        1.8280840 
      0.83844614      0.061846108        1.4329873 
      0.84136784       0.17326356        1.8381217 
      0.94168911      0.069223484        1.9747286 
      0.88955908       0.17804917        1.6119528 
      0.93404919       0.16760213        1.5945527 
      0.83158384       0.10810501        1.6626954 
      0.94665057      0.096346920        1.7138567 
      0.87727910       0.12175818        1.4340123 
      0.94595097       0.34358348        1.4549069 
      0.74197393      0.086820391        1.2891394 
      0.68348306       0.11933005        1.1514574 
      0.75109258       0.13759099        1.4124858 
      0.70633760      0.049928965        1.2339266 
      0.71246338      0.095430414        1.2202647 
      0.61090041       0.10054178        1.0401243 
      0.68889046       0.12734535        1.4219053 
      0.66333733      0.057594381        1.1683121 
      0.65685741      0.032964341        1.1753548 
      0.88452847       0.10734699        1.8948601 
      0.87603147       0.13481698        1.8601654 
      0.98352690      0.066710647        1.8711508 
      0.77801792      0.093538330        1.6277278 
      0.74161260      0.042088461        1.2522198 
       1.0107409       0.12296463        1.5394453 
       1.2159963       0.10738577        2.0379849 
      0.86190035       0.18391366        1.5720119 
      0.74331399       0.25383942        1.3974619 
      0.88794008       0.13270026        1.5432549 
      0.88280325      0.099329348        1.5665222 
      0.75193856       0.30128780        1.4718457 
      0.68489751      0.058364794        1.2540389 
      0.64453432      0.048295943        1.1316771 
      0.60952267       0.15460129        1.1068411 
      0.58146252      0.059718872        1.0079871 
      0.57769246      0.067834683        1.2445689 
      0.65179360      0.067985645        1.0994662 
      0.77527244      0.075224407        1.4834753 
      0.97627486      0.082410665        1.6811455 
      0.88102402       0.20154371        1.6106980 
      0.90036560      0.063860152        1.3664175 
      0.83019770      0.043375200        1.2208729 
      0.81680357       0.12410568        1.3871852 
      0.71818985       0.13151385        1.1862512 
      0.74179832      0.086152309        1.2264235 
      0.65661446       0.19408821        1.2034365 
      0.66870940       0.13139138        1.0879134 
      0.50671246      0.060731535       0.84348576 
      0.51711904       0.14112914       0.95179105 
      0.57743172      0.099046490       0.82741572 
      0.74236695       0.14220463        1.4309381 
      0.73436243       0.34418986        1.6365880 
      0.58162488       0.17718846        1.0131005 
      0.74820430       0.13251345        1.2776176 
      0.67463139      0.025966303       0.96684192 
      0.79611670       0.15048673        1.3748746 
       1.1918590       0.14823542        1.8277789 
       1.6944936       0.55304697        2.5872759 
       2.2134583        1.1690144        3.1464520 
       2.3974685        1.2836043        3.6591991 
       2.0888317       0.73380804        3.2632786 
       1.9705684       0.57705834        3.0620228 
       1.8188859       0.15859630        3.1051193 
       1.3280177       0.15973487        2.2158382 
       1.0922465       0.47404944        2.0752725 
      0.96031859       0.38937157        1.4879400 
      0.79793786      0.074806100        1.5043764 
      0.79881631      0.048762303        1.3984874 
      0.79304922      0.064720722        1.3287464 
      0.77307839       0.41579581       0.95417152 
       1.1636651       0.51360435        1.7186322 
      0.99776132       0.43579237        1.4065432 
      0.93575153       0.47244171        1.2989741 
      0.90104968       0.51676650        1.2116835 
      0.86581025       0.37111326        1.2112192 
      0.84253921       0.46744753        1.1781319 
      0.81688159       0.33171853        1.1511231 
      0.83256356       0.44366870        1.2653716 
      0.79198526       0.37067225        1.2042494 
      0.77608905       0.31088521        1.0593971 
      0.79959927       0.41784666        1.1135649 
      0.75007917       0.41535537        1.0496089 
      0.78982658       0.49791466        1.0922166 
      0.80462040       0.38661599        1.0535522 
      0.82198947       0.50079859        1.2089804 
      0.81222762       0.37696110        1.1578647 
      0.82221508       0.36583215        1.2677933 
      0.80660124       0.35682873        1.2487113 
      0.80511391       0.32870796        1.0968749 
      0.77001291       0.29371115        1.1204456 
      0.75067028       0.30044665        1.0864167 
      0.75205432       0.37427877        1.1414251 
      0.77595231       0.36870830        1.2453522 
      0.78019902       0.30795245        1.1461362 
      0.79126572       0.20026394        1.1141161 
      0.79308724       0.30826189        1.1646343 
      0.81678787       0.44505930        1.4070790 
      0.79685065       0.38350942        1.2116832 
      0.84681409       0.32564298        1.3578324 
      0.85902029       0.35871403        1.2141316 
      0.88334332       0.30487291        1.2698587 
      0.91165541       0.43376426        1.3934986 
      0.93259399       0.50976815        1.4621121 
      0.93432902       0.51184000        1.5102022 
      0.87728122       0.39819470        1.4600124 
      0.90345179       0.46760171        1.5419947 
      0.86300302       0.54393727        1.4099171 
      0.87733052       0.38574166        1.2967087 
      0.83990099       0.41431700        1.1909915 
      0.84257919       0.35129362        1.1088664 
      0.80030961       0.41952240        1.1984452 
      0.76797583       0.38895582        1.1167714 
      0.75927627       0.37901348        1.1010043 
      0.75119077       0.21063646        1.1181419 
      0.78495760       0.25473388        1.2422615 
      0.79363906       0.18938804        1.2385398 
      0.78287573       0.41194969        1.3273649 
      0.76035249       0.22753286        1.0792990 
      0.78532449       0.28223565        1.1476367 
      0.81089542       0.18629437        1.1152643 
      0.82246447       0.27627934        1.1932782 
      0.81242986       0.50575653        1.4580763 
      0.79083542       0.32356300        1.2658304 
      0.77858174       0.26543118        1.0937406 
      0.80151248       0.30923698        1.1772409 
      0.79908394       0.28413615        1.1881286 
      0.81952156       0.29408721        1.2189127 
      0.80712375       0.23633043        1.1727643 
      0.80674244       0.38333439        1.3021370 
      0.77987874       0.32864941        1.1382020 
      0.77952384       0.25329251        1.1925027 
      0.78279425       0.33380728        1.2179514 
      0.75504390       0.23882229        1.0030218 
      0.83712215       0.31756287        1.1847643 
      0.90571731       0.41155722        1.3466313 
      0.89846402       0.51363579        1.4156626 
      0.90737021       0.51606918        1.2232470 
      0.84350657       0.50415772        1.2123352 
      0.84388782       0.52129658        1.2659415 
      0.82689903       0.41874561        1.2400785 
      0.81842889       0.41474427        1.1143817 
      0.81859513       0.47152342        1.2145758 
      0.83789253       0.41504337        1.2987370 
      0.84738738       0.45978203        1.3181290 
      0.89952707       0.49662653        1.3092972 
      0.91530197       0.51069572        1.3113857 
      0.88731251       0.43561160        1.2664396 
      0.93735548       0.45015066        1.3371769 
      0.90094489       0.41601583        1.4296511 
      0.84874071       0.27000694        1.1595283 
      0.85142895       0.40279825        1.3575690 
      0.81996069       0.36583908        1.3616106 
      0.83137455       0.43416233        1.3391469 
      0.79231429       0.30680607        1.2272051 
      0.82145183       0.31835349        1.1752832 
      0.85414240       0.23755007        1.2057216 
      0.83616971       0.22719896        1.2021688 
      0.86335277       0.23829761        1.3317009 
      0.83815948       0.36368666        1.2548559 
      0.83577234       0.41125052        1.3142388 
      0.80195644       0.47311414        1.2739073 
      0.80929695       0.36183187        1.1320090 
      0.80741593       0.35225463        1.1907976 
      0.78482745       0.24061103        1.1783826 
      0.76648855       0.39329929        1.1905680 
      0.75615970       0.31605710        1.0611827 
      0.71201358       0.33546873        1.0541275 
      0.65745975       0.29926420        1.0594754 
      0.58083440       0.12356943       0.79305314 
      0.47044859       0.21315722       0.75426494 
      0.36005437       0.20410489       0.61155623 