    -0.016913296      -0.46694429       0.39022574 
      0.11941010      -0.22337024       0.45197171 
     -0.37381732      -0.67060540     -0.041525839 
      0.13741025      -0.19035801       0.43131067 
     -0.16059269      -0.46198556       0.15997502 
      -1.4467993       -1.7678792       -1.1285259 
      0.36162195      0.068342700       0.68411209 
      0.34784077      0.016822047       0.64304218 
     -0.99349793       -1.3085204      -0.68073131 
      0.46261961       0.15852167       0.79281585 
     -0.32322546      -0.63127459     -0.017002791 
     0.077963544      -0.24515081       0.37623950 
      0.13868160      -0.16938780       0.45305408 
     -0.75662264       -1.0699471      -0.44781060 
     0.056919710      -0.26760165       0.35589499 
      0.44155240       0.13766077       0.75693098 
     -0.28807482      -0.59835760      0.013773455 
     -0.92972067       -1.2617983      -0.62804263 
     -0.20526996      -0.50962645       0.12103347 
    -0.053928566      -0.36031672       0.26385680 
      -1.1190757       -1.4449443      -0.81525793 
     -0.22554255      -0.54410796      0.081370977 
     -0.35792064      -0.67855486     -0.051487784 
     -0.41808421      -0.73129400      -0.10506069 
     -0.22426991      -0.54016512      0.098359835 
      0.27760380     -0.046440539       0.58202769 
      0.35065348      0.048373405       0.66464963 
      0.52098347       0.20595074       0.83680035 
      0.43454953       0.11366891       0.74070847 
     -0.32956635      -0.64546944     -0.012006562 
     -0.31744831      -0.62879536     0.0015283184 
    -0.019554533      -0.32259725       0.30939202 
      0.12749226      -0.17917044       0.46049513 
     -0.18270528      -0.48242298       0.13741104 
   -0.0072853929      -0.33245569       0.28872179 
     -0.22274433      -0.53981486      0.081512617 
     -0.31639545      -0.63969318     -0.010186122 
      0.19268994      -0.12136209       0.50767141 
      0.43842972       0.14330069       0.78124086 
     -0.16605959      -0.47531936       0.15720202 
      0.66376938       0.33227184       0.96334767 
     -0.21066927      -0.52435756      0.091086372 
     -0.15215206      -0.47048392       0.15985036 
     -0.20425565      -0.50942010       0.10955295 
     -0.12029731      -0.43486824       0.19311549 
     -0.34020062      -0.65912081     -0.040821108 
      0.41591598      0.093369473       0.72621320 
      0.65356450       0.35507639       0.97802674 
     -0.18951447      -0.50247868       0.12370502 
       1.0651144       0.73951347        1.3672272 
      0.95359372       0.65009440        1.2807224 
      0.45528745       0.13171448       0.76350703 
     0.091359792      -0.23118870       0.39757853 
       1.0407478       0.73185307        1.3669631 
      0.15902211      -0.16360997       0.46505986 
      0.32974733      0.022392939       0.65064205 
      0.34413794      0.023387711       0.64124833 
     -0.53424859      -0.84898348      -0.22399344 
      0.75706163       0.43438212        1.0595479 
      0.36374633      0.054153811       0.67766005 
      0.49327473       0.16089013       0.79263302 
     -0.66753851       -1.0056764      -0.37737382 
      0.36144416      0.048496883       0.67973814 
    -0.036103957      -0.34807093       0.28206300 
      0.15480102      -0.15850650       0.47056764 
     -0.12664125      -0.44301331       0.20765424 
     -0.35918927      -0.67995197     -0.030970279 
    -0.045723103      -0.36935007       0.27052940 
      0.33471485      0.034279040       0.66094837 
     -0.44425417      -0.75274401      -0.12923831 
      0.54512802       0.22582166       0.84734906 
      0.94609530       0.64287543        1.2695942 
   -0.0078367681      -0.31011681       0.30979532 
     -0.19160760      -0.50669315       0.12110970 
      0.46314781       0.15758717       0.79333926 
      0.17455953      -0.13672241       0.47492985 
      0.23860626     -0.075716249       0.55900727 
      0.25245751     -0.052960725       0.58476844 
     -0.28483505      -0.62465731      0.027544355 
     -0.41367123      -0.72815435     -0.093351313 
     -0.25268960      -0.56536674      0.064293022 
     -0.35156282      -0.65624550     -0.027712098 
     -0.81186920       -1.1325665      -0.49486930 
     -0.18596551      -0.48662783       0.13852360 
      -1.1791027       -1.4946529      -0.85662063 
     -0.46556245      -0.77240038      -0.14680546 
      0.13258603      -0.19688408       0.43521097 
     -0.43023767      -0.74664598      -0.12845216 
     -0.47895962      -0.78103296      -0.16334454 
     -0.97851491       -1.2901513      -0.67953789 
     -0.18499714      -0.49306337       0.13072406 
     -0.43286234      -0.74249959      -0.12624904 
     -0.70249213       -1.0158319      -0.38009211 
     -0.32183466      -0.65191073    -0.0028710386 
      -1.0787642       -1.4246454      -0.72326775 
      0.38099364      0.021736600       0.73656680 
     -0.50686910      -0.87883797      -0.14559563 
     -0.79164287       -1.1427191      -0.45648319 
      0.44406140       0.13380302       0.76472829 
     -0.65666857      -0.96515651      -0.32854559 
      0.58225386       0.26444723       0.90937894 
     -0.32637566      -0.66299745     0.0038497783 
      0.16463420      -0.15863402       0.49883126 
    -0.083977351      -0.40751855       0.24344818 
     -0.24437469      -0.57954013      0.072645396 
     -0.54102446      -0.87897999      -0.22841515 
     -0.10605530      -0.42445310       0.21970350 
   -0.0047513490      -0.91214566       0.92938593 
     -2.5844833       -3.4502883       -1.7360997 
      -2.0221823       -2.7616225       -1.2935665 
     -0.71800266       -1.5366553      0.030058668 
       1.5634838       0.74811743        2.4325721 
      -1.0798301       -1.8172850      -0.32927090 
      -2.3453600       -3.2511342       -1.4707372 
       2.7480611        1.8649887        3.6025117 
      0.62715094      -0.10445777        1.3362769 
      -1.3635286       -2.1732542      -0.55605128 
       3.1023280        2.1789750        3.9787501 
     0.049497802      -0.69297317       0.81065161 
       1.0312009       0.31560738        1.7397726 
       1.4523780       0.70297021        2.2067725 
       1.0602557       0.27185254        1.8295706 
     -0.89739350       -1.7208948      -0.12927185 
       2.1725414        1.3574593        2.9752106 
      -1.3163595       -2.1055974      -0.53375107 
      0.37849214      -0.36050063        1.1469169 
       2.0988732        1.3448197        2.8900013 
    -0.027009971      -0.79853733       0.74789834 
      -2.3492147       -3.1821597       -1.4372484 
      -1.4145275       -2.1881907      -0.66897721 
       1.8719632        1.0475787        2.7039747 
     -0.99421067       -1.8162756      -0.22850028 
      -1.7531444       -2.5789518      -0.98818219 
       1.0267747       0.24048249        1.8144859 
      -3.4845205       -4.3061335       -2.6955641 
      0.29278623      -0.51437425        1.0768143 
    -0.028351816      -0.78950850       0.74607251 
      -1.4481111       -2.2104128      -0.59135332 
     -0.58675084       -1.3879300       0.22245434 
       1.5964928       0.70828723        2.4365611 
      -1.6190882       -2.4141449      -0.86962881 
       1.4562058       0.68037990        2.2542597 
       1.0666274       0.26593976        1.7811055 
   -0.0080360397      -0.81580937       0.74323496 
       2.2504050        1.4814798        3.0585088 
      -1.3303196       -2.1122688      -0.50170880 
       1.1232274       0.28778563        1.9955690 
     -0.57954410       -1.3501252       0.20553934 
     -0.50562668       -1.2596592       0.27410636 
     -0.39842615       -1.1425473       0.39349196 
       1.2430469       0.40545278        1.9635985 
      -1.4524702       -2.2224646      -0.67852634 
    -0.022260441      -0.83404818       0.70417220 
      0.63552150      -0.10973257        1.4420615 
      -1.6905067       -2.4491686      -0.97092781 
       1.4510617       0.60530247        2.2236903 
    -0.010444503      -0.79662901       0.69656840 
     -0.87500122       -1.5797970      -0.10353302 
      0.84886483      0.086214877        1.6203698 
      -1.5450647       -2.3033236      -0.80762569 
       1.2930702       0.50767557        2.0573922 
      -1.1471820       -1.9378952      -0.37523452 
       1.2927526       0.49268140        2.0598866 
      0.95432777       0.21460597        1.7191264 
       1.1674561       0.42123442        1.8818169 
     -0.46161137       -1.2327315       0.32928991 
       1.6918626       0.86042054        2.4750957 
       1.5478940       0.78641152        2.3430135 
      -1.2024068       -2.0408944      -0.39479841 
     -0.91998126       -1.6342387      -0.19437110 
      0.35611466      -0.41200236        1.1328639 
      -2.4115863       -3.2297486       -1.6794213 
       1.8979779        1.0171853        2.6684960 
      -1.5344395       -2.3449988      -0.75451921 
      0.23852964      -0.50988435       0.95991460 
     -0.91226739       -1.6089207      -0.18191593 
     0.093230134      -0.64542390       0.83323806 
      -1.9231046       -2.6823432       -1.1541636 
      -1.7553103       -2.5633072       -1.0488307 
       1.9611495       0.99600658        2.8388283 
      -2.1573581       -2.9785611       -1.3418969 
      0.44631574      -0.32048511        1.2136518 
      -2.4288136       -3.3130375       -1.5334356 
      0.91916311      0.078444398        1.7208703 
     -0.65360251       -1.3840852       0.13094597 
     -0.68512325       -1.4951731      0.034126648 
     -0.34960592       -1.0723111       0.44642095 
     0.038880829      -0.74628999       0.81683137 
     -0.11438461      -0.88627107       0.63124668 
       1.0729311       0.28412338        1.8477208 
       1.1711327       0.42982115        1.9478327 
      0.70862036     -0.097730246        1.4908515 
       1.6578734       0.85807762        2.5092585 
       1.5662267       0.73375186        2.3825719 
      0.87144992      0.028490522        1.7062443 
      0.71371698      -0.10328494        1.5496232 
     0.013795045      -0.82266579       0.76058926 
     -0.30356763       -1.1279352       0.46454765 
      -1.1838854       -1.9291642      -0.42715593 
      -3.5886785       -4.3651307       -2.7921906 
      -4.2479290       -5.1995311       -3.3503592 
     -0.48766112       -1.4350491       0.42359667 
      -3.4696715       -4.5113923       -2.5039191 
      0.99722248      0.036581418        1.9876286 
     -0.71800647       -1.6272127       0.14419921 
     -0.48838495       -1.3471271       0.41891602 
      0.67620255      -0.12047795        1.4545666 
      0.23792784      -0.58165445        1.0760545 
       1.7412540       0.97735807        2.5281935 
       1.6612894       0.85910828        2.4543154 
      -1.0537525       -1.8690946      -0.21604376 
     -0.91821817       -1.7048666      -0.13998884 
       1.5496272       0.78155794        2.3335519 
     0.074679021      -0.74263079       0.85462662 
     -0.26409253       -1.0795043       0.56549944 
    0.0016224818       -2.6284227        2.6859348 
    0.0036583667     -0.096440317      0.097063683 
     -0.10662551      -0.18401311     -0.033583703 
    -0.055346556      -0.12573424      0.010307087 
     -0.10346252      -0.17283613     -0.035906766 
    -0.041983298      -0.11003503      0.026538653 
     -0.27098883      -0.34736061      -0.20099341 
      0.14970853      0.080519467       0.21847213 
      0.25472218       0.18286431       0.31970420 
    -0.088052186      -0.15518160     -0.019489076 
     -0.18014945      -0.24752338      -0.10814397 
      0.12091992      0.056063443       0.18950206 
     0.013652011     -0.053511503      0.083338591 
    -0.036982994      -0.10351446      0.029373460 
    -0.054609187      -0.12485348      0.011343017 
    -0.078108376      -0.14501445    -0.0087333729 
    0.0053857811     -0.060991871      0.074493992 
    -0.066526286      -0.13436261     0.0036843719 
    -0.030103505     -0.096838867      0.044067238 
     -0.16546960      -0.23439195     -0.095670683 
     0.067306573    0.00062793601       0.13510903 
     -0.15139162      -0.22117599     -0.079712743 
     -0.13652084      -0.20805972     -0.064566388 
     -0.19711888      -0.26643111      -0.12045204 
     -0.17604827      -0.25237956      -0.10446215 
    -0.094087565      -0.16946155     -0.019835606 
    -0.080231898      -0.15787422     -0.010332037 
      0.15130627      0.079008162       0.22503293 
    -0.061919230      -0.13274694     0.0073219063 
      0.11365197      0.047805388       0.18251119 
     -0.17590056      -0.24903575      -0.10827961 
    -0.054061719      -0.12321478      0.013380416 
     -0.24030851      -0.31549670      -0.16906898 
      0.17540120       0.10157560       0.24098485 
    0.0023810016     -0.069152659      0.068209023 
     0.089194140      0.021885638       0.15713467 
     0.069327068     0.0034127009       0.13475048 
    -0.023018052     -0.091287437      0.046358053 
     0.059865765    -0.0079926490       0.12639976 
     -0.15212182      -0.22256783     -0.081341829 
     0.023753231     -0.041292631      0.095688760 
     0.032547828     -0.035213059       0.10002552 
      0.12648478      0.058713204       0.19059846 
     0.054550851    -0.0090230247       0.12739769 
     0.059159118    -0.0080162304       0.12605341 
    -0.092677035      -0.15937408     -0.026046228 
     0.035000880     -0.033470663       0.10156920 
      0.10404570      0.034737105       0.16839321 
     0.033189443     -0.034908692      0.099995537 
     -0.10535811      -0.17320414     -0.040593805 
      0.19649506       0.12687792       0.26294206 
     0.087216332      0.019313605       0.15568775 
     0.099707525      0.034201236       0.16991386 
    0.0057612119     -0.069202851      0.073188379 
      0.24965672       0.17650234       0.31935787 
      0.10442616      0.034714973       0.17834842 
     0.084591589      0.015036236       0.15642366 
     0.020035239     -0.048607910      0.091802647 
     0.077728716     0.0031054820       0.14914325 
      0.14199010      0.070806569       0.21689427 
     0.059929667     -0.015029351       0.13136812 
      0.10409229      0.027695328       0.17392611 
    -0.073586877      -0.14333181    -0.0014772382 
     0.050664914     -0.020511672       0.11886970 
      0.10467481      0.030765250       0.17354160 
     -0.11943282      -0.18896491     -0.050663636 
     0.031476631     -0.035224065       0.10166219 
     -0.10583490      -0.17337031     -0.038426929 
     -0.11068123      -0.17551978     -0.042196659 
     0.054203129     -0.012077485       0.12144925 
    -0.089671444      -0.15360301     -0.020220898 
    0.0037491335     -0.061101744      0.073839942 
      0.25487846       0.18458421       0.32370367 
     0.086975770      0.020188141       0.15702560 
     -0.14599112      -0.21304988     -0.079401771 
      0.40092757       0.32969507       0.47132735 
   -0.0064900311     -0.076548163      0.060719840 
      0.11585837      0.045292119       0.18805841 
      0.11917008      0.051348738       0.19044668 
     0.045735522     -0.026676489       0.11435903 
     0.078251164     0.0089364819       0.15101163 
      0.13266936      0.059459852       0.20218813 
     0.085070379      0.011465438       0.16129833 
     0.039135594     -0.032513329       0.11512012 
    -0.042124027      -0.11385090      0.027713569 
     -0.18046183      -0.24909623      -0.10893694 
    -0.014733918     -0.084441315      0.052358285 
      0.18150246       0.11397650       0.25422263 
    -0.018233289     -0.089467653      0.047984185 
   -0.0032330922     -0.071682464      0.063511550 
    -0.047213621      -0.11684537      0.022612568 
     0.067532095    -0.0046687998       0.13253749 
      0.10666925      0.033414843       0.18096868 
      0.17205429      0.090752421       0.25207830 
     -0.21222820      -0.28339623      -0.13572174 
     -0.42134231      -0.49356250      -0.34983667 
     -0.34520098      -0.41877372      -0.27175584 
     -0.12060443      -0.19239369     -0.049627322 
     -0.19890942      -0.27300311      -0.12328308 
     0.048002796     -0.026303278       0.11690937 
     -0.30052779      -0.37671832      -0.22387725 
      0.13252489      0.058153732       0.20032953 
     -0.13149756      -0.20098661     -0.055873779 
     0.043495450     -0.027493723       0.11487583 
    -0.026200861     -0.095934063      0.043221388 
    -0.037721773      -0.10733305      0.032314376 
    -0.024541209     -0.094568477      0.046092701 
    -0.035957919      -0.10490453      0.035887129 
    0.0024764865      -0.37510200       0.39816463 
     -0.35949805       -1.4239357       0.71427487 
      0.24819064      -0.78405497        1.1840144 
      0.27942476      -0.63413513        1.2738673 
     0.035747462      -0.94030178       0.96718346 
      0.27095084      -0.71846506        1.2119145 
      0.84736599      -0.10335709        1.8259816 
     -0.14739769       -1.1210941       0.77105526 
     -0.57587448       -1.5019722       0.40587642 
     -0.28514113       -1.1820402       0.73575310 
      0.19460643      -0.73423693        1.1749425 
     0.025893345      -0.92562092        1.0019673 
     0.012456848      -0.95300915       0.96812131 
    -0.079462415       -1.0044511       0.90226040 
      0.42023512      -0.54409784        1.3497215 
     0.039388399      -0.87248728       0.99207808 
    -0.090179626      -0.98575658       0.88891200 
     -0.87459025       -1.7751910       0.16192403 
      0.40956787      -0.49921287        1.4099468 
     -0.45841262       -1.3869787       0.49421748 
     -0.41061001       -1.3623956       0.52015340 
    -0.015085399      -0.95649104       0.91023059 
      0.15923917      -0.79359825        1.0835111 
      0.43461447      -0.52007280        1.3943887 
      0.31672022      -0.62452016        1.2380122 
      0.18447723      -0.76474763        1.1312215 
     -0.31129599       -1.2598524       0.62845155 
      0.72755626      -0.26188126        1.6451792 
     0.035013625      -0.87791801        1.0272029 
      0.22005145      -0.73235988        1.1548223 
      0.43635568      -0.51267369        1.3695711 
      0.62313658      -0.28631105        1.5867500 
       1.0389011       0.10817989        2.0143970 
      0.43422611      -0.47269096        1.4022282 
     -0.22271243       -1.1220507       0.76769146 
     -0.10842300       -1.0664541       0.82917272 
     -0.20639759       -1.1696228       0.71402194 
      0.21618641      -0.73361489        1.1530649 
    -0.071211608      -0.99787772       0.90310529 
    0.0053940649      -0.96083546       0.93253331 
      0.27779234      -0.64950190        1.2614256 
      0.30349273      -0.59478500        1.3007363 
     -0.14328408       -1.0611461       0.82319609 
   -0.0088869846      -0.97309015       0.92172683 
    -0.042895435       -1.0349948       0.86539699 
      0.28807852      -0.69671723        1.2011327 
      0.53308134      -0.40383616        1.4526300 
     0.021525432      -0.89601822       0.95043463 
      0.18202341      -0.74736462        1.1059354 
      0.44704577      -0.51332968        1.4031734 
     0.058950209      -0.87287179        1.0367068 
     -0.27222549       -1.2085102       0.69329767 
     -0.20917647       -1.1660361       0.73474333 
     0.014003330      -0.93613609       0.95256645 
     -0.70985807       -1.6784308       0.23228830 
     -0.79355678       -1.7021025       0.19330026 
     -0.58992686       -1.5265771       0.32559962 
     -0.40426421       -1.3928267       0.52073692 
     -0.24621062       -1.2655912       0.64851027 
      -1.1054106       -2.0740552      -0.16998965 
     -0.46070664       -1.4315136       0.45818978 
     -0.38097551       -1.3383395       0.54275220 
     -0.42576598       -1.3513302       0.53400382 
     -0.58920790       -1.5575676       0.34382237 
     -0.43989084       -1.3926894       0.50627707 
      -1.1053502       -2.0587609      -0.12751366 
      0.22527371      -0.70105833        1.1692561 
    -0.097910462       -1.0636599       0.81417357 
    -0.056196361      -0.96393011       0.93861728 
     -0.10533139       -1.0995809       0.77634479 
      0.46649230      -0.44474704        1.4145539 
      0.63618198      -0.30124224        1.5955665 
     -0.46217320       -1.3780458       0.53522308 
     -0.19134062       -1.1610240       0.72505854 
      0.16150795      -0.79170276        1.1120707 
     0.016485245      -0.94113075       0.95625772 
      0.36179671      -0.54926261        1.3237542 
     -0.10845138       -1.0419416       0.85823446 
     -0.15257280       -1.0765208       0.79322681 
      0.31688133      -0.63724874        1.2642227 
     -0.10081834       -1.0790759       0.82900054 
     -0.22338816       -1.1631019       0.71521804 
      0.10518523      -0.84239029        1.0682480 
     -0.35682927       -1.3254873       0.57872045 
      0.22707822      -0.69748203        1.2051159 
      0.53890446      -0.45373096        1.4872334 
      0.34634085      -0.57614775        1.3039378 
     -0.46134188       -1.3688884       0.51779289 
     -0.15637363       -1.0944672       0.80220435 
     -0.50588916       -1.4402598       0.45642795 
     -0.46841246       -1.4336280       0.45637619 
     -0.93165720       -1.8390541     0.0039689174 
      -1.1395449       -2.1158019      -0.20510823 
      -2.6918756       -3.6766022       -1.6376082 
     -0.91906273       -1.8924977      0.042446252 
      0.27639554      -0.68340225        1.2841564 
       1.3144667       0.26924222        2.2749515 
       1.0274960      0.087755217        1.9971974 
      0.86614710     -0.089937914        1.7868992 
      0.86575461     -0.065815038        1.8408579 
     0.068355040      -0.86305682        1.0260141 
      0.22863347      -0.69199004        1.1966146 
      0.10121996      -0.87665308        1.0439523 
      0.24982713      -0.73239258        1.1702489 
    -0.032422932       -1.0101864       0.89787205 
      0.23817975      -0.68352603        1.2263076 
      0.27878381      -0.68382499        1.2217929 
    0.0091557560      -0.98651753       0.94598599 
    0.0031221104       -1.2483416        1.2931576 
      

     -0.13593876       -1.2500587       0.93997272 
     -0.41217308       -1.5162531       0.67338743 
     -0.39129756       -1.4861589       0.65683446 
     -0.41157968       -1.5046524       0.64821654 
     -0.34764894       -1.4511662       0.70075983 
       1.1605529       0.14328913        2.3309313 
     0.087165572      -0.98169484        1.1562799 
     -0.37850963       -1.4670713       0.70603660 
       1.4428892       0.38436151        2.5866856 
     -0.63831595       -1.7902311       0.41797523 
     0.095654111       -1.0183935        1.1067162 
    -0.094288386       -1.2178853       0.95130629 
      0.28766327      -0.75442451        1.3930395 
      0.70509609      -0.37018187        1.8104885 
      0.29862033      -0.80916621        1.3361965 
     0.046287415      -0.99007750        1.1677685 
      0.12834004      -0.98134118        1.1570927 
      0.80639191      -0.34533995        1.8261372 
       1.1939835       0.13154949        2.2989296 
      0.29473609      -0.84007224        1.3334961 
      0.52287356      -0.58290811        1.5712059 
      0.62783447      -0.43104842        1.7083313 
       1.3423081       0.26959273        2.4425474 
       1.1201643      0.084260518        2.2381724 
       1.1913653      0.082994878        2.2784489 
      0.35326524      -0.67945236        1.4626518 
      0.35319056      -0.74337615        1.4046372 
     0.074373674      -0.98126460        1.1866863 
     -0.30158244       -1.3720201       0.82391772 
     -0.14188283       -1.2516885       0.90552935 
     -0.35046517       -1.4486778       0.78338550 
     -0.33025027       -1.4235247       0.82099133 
     -0.53210206       -1.5613702       0.63616081 
     -0.10933229       -1.2346261       0.91259989 
      0.25838548      -0.85205057        1.3025104 
     -0.45962063       -1.5813711       0.56725142 
    -0.047515190       -1.0897914        1.0736761 
     -0.51825065       -1.5597996       0.60298110 
     -0.87350320       -1.9557390       0.25341628 
     -0.95515859       -2.0787418       0.14292093 
     -0.95863779       -2.0854687       0.12322753 
     -0.64663450       -1.7423868       0.45261406 
      0.17799866      -0.93910151        1.2460632 
     -0.17003313       -1.2709185       0.89103151 
     -0.24400021       -1.3812872       0.77907102 
      0.27904355      -0.80668882        1.3243727 
      0.49355514      -0.61721012        1.5637458 
     -0.26903739       -1.4220430       0.74055218 
      0.33048668      -0.79104280        1.3861143 
     -0.13546980       -1.2919982       0.89676634 
     -0.67059598       -1.8013846       0.37914013 
     -0.20053780       -1.2817217       0.84124355 
      0.33476317      -0.74028003        1.4078610 
     -0.33243478       -1.4485538       0.72198747 
     -0.38698048       -1.4777401       0.70217860 
      0.12059613       -1.0150487        1.1566571 
      0.50350249      -0.55967743        1.5961023 
     -0.82574722       -1.9005967       0.26679265 
      0.20433166      -0.89396726        1.2593763 
     -0.59831456       -1.6646800       0.47795155 
     -0.72641823       -1.7366662       0.40675378 
     -0.59881805       -1.6983246       0.45703636 
      0.12423120      -0.93709439        1.2035660 
     -0.44188487       -1.5115856       0.66840037 
    -0.040997085       -1.1221183        1.0496672 
       1.2703673      0.062126341        2.4259160 
       1.1932765     0.0097131393        2.3347762 
      0.85655157      -0.24286233        1.9895675 
      0.77534131      -0.35500590        1.8222567 
      0.56355557      -0.47251871        1.6892613 
      0.21129690      -0.86008231        1.3019575 
      0.14474111       -1.0100218        1.1778412 
      0.23543049      -0.89443625        1.2699606 
      0.41204266      -0.62883676        1.5460302 
     -0.23008087       -1.2944803       0.88380057 
     -0.27515423       -1.3386380       0.79684415 
     -0.81852980       -1.8445429       0.33674936 
     -0.91973629       -1.9731098       0.17403501 
      -1.3593915       -2.4603944      -0.22993078 
     -0.83345923       -1.9502911       0.23816241 
     -0.53773847       -1.6052296       0.58039296 
     -0.75134675       -1.8329521       0.35229622 
     -0.70332834       -1.8091204       0.41310512 
     -0.82852778       -1.9388665       0.29148360 
     -0.60007676       -1.6714403       0.59956440 
     -0.64802142       -1.7611779       0.50779069 
     -0.39469131       -1.5058115       0.67427400 
     -0.29699840       -1.3958786       0.78713767 
     -0.59358384       -1.6916161       0.51879368 
     -0.25844962       -1.3237614       0.83324733 
     -0.57421979       -1.6483782       0.50051931 
     -0.44449593       -1.5118024       0.63832011 
     -0.67592767       -1.7531996       0.42628512 
      0.11796505       -1.0369460        1.2205180 
       1.4371000       0.19428348        2.7163316 
       1.7013210       0.24037036        2.9859428 
       2.5660437        1.1400839        4.0307392 
       2.0059877       0.69928270        3.3263170 
       1.1983831      0.059492091        2.3535663 
       1.3704102       0.26613733        2.4724142 
     -0.29237574       -1.3801562       0.83812705 
     -0.15398458       -1.2891422        1.0159780 
     -0.54806577       -1.6703015       0.63509716 
     -0.93145499       -2.1041661       0.25301690 
     0.074366868       -1.1163073        1.1758517 
     -0.60053350       -1.7819926       0.54043556 
     -0.55232863       -1.6803731       0.58857943 
   -0.0096302312       -1.3694453        1.3040448 
      

      0.27163766      -0.27173550       0.85698160 
     -0.60954509       -1.1361135      -0.10836063 
     -0.27464495      -0.74822027       0.24087262 
     -0.15466777      -0.64980628       0.33908484 
      0.36842805     -0.081702779       0.87622719 
     -0.19470716      -0.68414946       0.30261904 
      0.64697651       0.16182803        1.1421982 
     -0.14835562      -0.63942909       0.33312355 
     0.051328023      -0.41404742       0.56289979 
      0.10434434      -0.39030482       0.58305014 
      0.35988499      -0.14165620       0.83869023 
     -0.50354220       -1.0028325     -0.044022973 
      0.23746773      -0.22960679       0.73576406 
     0.019547583      -0.47962807       0.49721944 
    -0.048032442      -0.53656093       0.42310991 
      0.57505726      0.086216774        1.0656543 
     -0.36018444      -0.87056888       0.10967295 
      0.55168664      0.087414768        1.0634006 
     -0.28436608      -0.77253508       0.19499475 
     0.014581266      -0.49605816       0.48217475 
     -0.16165006      -0.65304012       0.31965876 
     -0.46913431      -0.96231750     0.0072001759 
      0.58018849      0.077778487        1.0438925 
      0.44519325     -0.049560952       0.91590614 
      0.30899812      -0.19716554       0.77023754 
      0.26103249      -0.23422068       0.74764712 
      0.56431784      0.081162595        1.0652224 
     -0.19195000      -0.68237171       0.28990856 
   -0.0014856504      -0.48511203       0.46870562 
     -0.25652614      -0.73552608       0.23831335 
      0.16235065      -0.31466882       0.65382731 
      0.44833340     -0.036936584       0.93705258 
      0.49879976      0.019721401        1.0012151 
     -0.20892967      -0.72333810       0.25444535 
      0.23955816      -0.22911228       0.72491453 
     -0.52638437       -1.0143225     -0.048936796 
      0.41746947     -0.094841179       0.88362902 
      0.16530460      -0.31744716       0.65906402 
     -0.33745256      -0.82783834       0.15659656 
      0.14529526      -0.33782703       0.62936457 
      0.21896246      -0.25598611       0.71733563 
     -0.10510376      -0.59715835       0.37943719 
      0.30557282      -0.21178624       0.76759716 
      0.13979553      -0.34990121       0.61898679 
     0.086196129      -0.38195865       0.58096634 
    -0.018620914      -0.49169244       0.47017207 
      0.19768089      -0.30148820       0.66345239 
      0.48199099      0.018295929        1.0024076 
     -0.26780247      -0.77293426       0.19016541 
      0.17528455      -0.30424796       0.66641892 
      0.18735356      -0.31128732       0.66073788 
     -0.37766511      -0.86051728       0.11015636 
      0.50517204      0.021018680        1.0006033 
     -0.41562618      -0.90328330      0.072931070 
   -0.0078710495      -0.47532715       0.49529311 
     0.056801117      -0.42551273       0.52934183 
     -0.41596099      -0.92186285      0.062724907 
      0.41743869     -0.053326282       0.90813477 
      0.54285679      0.045075264        1.0372367 
     -0.25534758      -0.75192756       0.22326988 
     -0.34761086      -0.84654705       0.12322823 
    -0.024707202      -0.50809481       0.45726460 
     -0.16655250      -0.66422519       0.31490320 
     -0.24629683      -0.71149636       0.26517132 
     -0.53400415       -1.0364048     -0.016762578 
     -0.14942779      -0.61903508       0.33701396 
     0.037137529      -0.43604203       0.53520084 
     0.074986202      -0.40787274       0.56766878 
     -0.10533041      -0.60782355       0.36788361 
     0.021307676      -0.44959078       0.50907448 
      0.37730755      -0.12625179       0.84931580 
      0.11264993      -0.38577638       0.58790168 
     -0.14941573      -0.63120536       0.32961202 
     -0.33673166      -0.80071187       0.15770547 
    -0.050757455      -0.53371259       0.42514462 
     -0.21753017      -0.68420792       0.27410563 
     -0.55400499       -1.0392406     -0.071392323 
     -0.47041955      -0.93807040      0.029344882 
     -0.11963642      -0.59043599       0.37104023 
     -0.12298638      -0.58972034       0.37732318 
     -0.16674246      -0.61864358       0.36644024 
      0.34231022      -0.15623433       0.82162529 
     -0.45694630      -0.95384983      0.032546167 
     -0.33770492      -0.83418857       0.15870174 
      0.37661413      -0.11829498       0.87166427 
      0.37988871     -0.096381262       0.89821590 
      0.46150687     -0.055191135       0.93201356 
      0.24788064      -0.25720940       0.73185849 
      0.23254182      -0.27801889       0.71061645 
      0.46770515     -0.013335569       0.97776096 
      0.60700835      0.099022610        1.0544709 
     0.062003015      -0.43119377       0.52808667 
     -0.86088289       -1.4035208      -0.32245883 
      -1.5041956       -2.0519415      -0.88622238 
      0.25361763      -0.27924657       0.80828096 
      0.94613110       0.44773062        1.4649012 
     -0.11144310      -0.64919870       0.36868453 
    -0.024902860      -0.53481257       0.46320568 
      0.64228018       0.12554411        1.1466086 
     -0.18478474      -0.67277798       0.31814940 
    -0.084861404      -0.59192247       0.37676622 
     -0.66903076       -1.1602749      -0.18182633 
      0.36237882      -0.13459603       0.82690498 
      0.28290842      -0.23093664       0.76251889 
      0.23892774      -0.27264685       0.72752650 
    -0.026380797      -0.55260150       0.47260963 
    -0.066780380      -0.63730828       0.45098002 
    0.0040177408      -0.82840181       0.82293773 
       

      0.11529173       -1.1337596        1.4071790 
     0.045763189       -1.2592115        1.2827117 
     -0.16798687       -1.4348414        1.0305542 
     -0.27245721       -1.5444759       0.97755165 
     -0.22366223       -1.4157688        1.0673167 
     -0.18309987       -1.4118138        1.0916779 
     -0.44215368       -1.7018088       0.83119793 
    -0.093149580       -1.3178630        1.1671278 
    -0.069306989       -1.3566161        1.1403948 
     -0.33503037       -1.5876530       0.93452477 
     -0.10988386       -1.3826828        1.1056350 
     -0.15786132       -1.4006019        1.0774930 
     -0.20866498       -1.5311171       0.98539519 
     -0.17471855       -1.4370076        1.0479632 
    -0.045263523       -1.3138543        1.1756133 
     -0.17830243       -1.4827573        1.0261337 
      0.23520792       -1.0127209        1.5123776 
    -0.081479770       -1.3385858        1.1677365 
     -0.10621979       -1.3521400        1.1300066 
    -0.010606502       -1.2528202        1.2404653 
     0.011508586       -1.1681471        1.3164964 
    -0.069497804       -1.3466871        1.1625644 
     -0.36177346       -1.5993141       0.92710296 
    -0.067143629       -1.3097311        1.1913987 
    0.0074024139       -1.2013989        1.2804751 
    -0.062566363       -1.2966888        1.2041396 
     0.022913079       -1.2512592        1.2436995 
    -0.099452309       -1.3191774        1.1625789 
     -0.22144696       -1.4124348        1.0644838 
     -0.23143641       -1.3915046        1.1023092 
     -0.37984430       -1.6576659       0.85931612 
     -0.53728557       -1.7446652       0.78436361 
     -0.21115431       -1.5128836        1.0117234 
     -0.36149854       -1.6225849       0.84684043 
     -0.40908173       -1.6082325       0.89895922 
     -0.23471634       -1.3933086        1.1584787 
     -0.43577630       -1.6889998       0.80163842 
     -0.12567594       -1.3336550        1.1193241 
     -0.30362270       -1.5740494       0.93136996 
     -0.17975724       -1.3876914        1.1083089 
     -0.17691195       -1.4511303        1.0342241 
     -0.12100738       -1.4425110        1.0682889 
     -0.24330681       -1.4386299        1.0453823 
   -0.0067459130       -1.2609348        1.2781675 
     -0.13746329       -1.4265119        1.1158791 
     -0.17436914       -1.4290878        1.0668006 
     0.099845847       -1.1406242        1.3771643 
    -0.029017948       -1.2215361        1.2784810 
      0.15424794       -1.1015536        1.4387278 
      0.24145839       -1.0451620        1.4753135 
      0.19438795       -1.0312048        1.4309917 
      0.35277697      -0.92811241        1.5738663 
     0.028107494       -1.2155520        1.2907788 
      0.40925206      -0.85181501        1.6252134 
      0.11755432       -1.1304729        1.4004135 
      0.17800187       -1.0589050        1.4351975 
      0.16511456       -1.1221674        1.3801913 
      0.20402483       -1.0880864        1.4259727 
     0.069942595       -1.1443252        1.3548311 
     0.094148160       -1.1170719        1.3977619 
      0.21426664       -1.0479522        1.4329361 
      0.18721326       -1.0536355        1.4399659 
     0.055285313       -1.2033510        1.2891954 
      0.24061941       -1.0558246        1.5151091 
     0.067584274       -1.1024196        1.3623730 
     0.079289658       -1.1712909        1.2781581 
     0.019979737       -1.2243920        1.2765309 
     0.042146781       -1.2245793        1.2614469 
    -0.018563454       -1.2994478        1.2203715 
     0.080797676       -1.2185794        1.3163819 
   -0.0075112725       -1.2250042        1.2614151 
     -0.12988484       -1.4019012        1.0916140 
     0.038753950       -1.2045464        1.2646877 
     -0.20775733       -1.4343489        1.0706588 
    0.0046040682       -1.2462529        1.2275941 
     -0.35207718       -1.6206274       0.91478280 
     -0.23837522       -1.5009809       0.99639884 
     -0.28191176       -1.5581923       0.96126618 
     -0.44905084       -1.7070849       0.84518252 
     -0.49764640       -1.6888110       0.83144094 
     -0.49763564       -1.7698547       0.74733634 
     -0.56963021       -1.8206050       0.71922452 
     -0.44967168       -1.7061302       0.86098771 
     -0.42299099       -1.6440628       0.85313032 
     -0.39636167       -1.6374000       0.87144513 
     -0.31589898       -1.5640365       0.93632006 
    -0.068725979       -1.3270625        1.2612561 
     0.074348037       -1.2991925        1.2622393 
      0.30045155      -0.98032153        1.5618780 
      0.36779723      -0.89529832        1.7303811 
      0.51985328      -0.80984227        1.8250822 
      0.70767416      -0.57569501        2.0380106 
      0.94806351      -0.42605925        2.2775536 
      0.49512033      -0.76752453        1.8245831 
      0.45430994      -0.81962089        1.7209990 
    -0.033133401       -1.2802613        1.2597138 
      0.16462012       -1.0975043        1.4313420 
     0.054069295       -1.2686381        1.2822511 
     -0.13539823       -1.3601490        1.1910296 
    -0.040570090       -1.3694153        1.1624977 
     -0.14247429       -1.3832730        1.1539868 
     -0.14219390       -1.3729449        1.1785974 
     -0.14974124       -1.4032389        1.1165736 
     -0.12034532       -1.4580030        1.0896784 
     -0.25478461       -1.5611097       0.95547992 
    -0.020493395       -1.2164040        1.2716667 
    -0.026240459       -1.2272477        1.2985205 
    0.0073946826       -1.2517654        1.3257788 
      

      0.13301475      0.057528803       0.21235704 
    -0.085623042      -0.15729571    -0.0092992663 
    -0.089303769      -0.15956806     -0.023850867 
     -0.25699181      -0.32151927      -0.19699013 
      0.17913916       0.11741873       0.23911592 
     -0.22094450      -0.27622836      -0.16161830 
     0.021380790     -0.037187048      0.083476579 
     0.014093180     -0.042744182      0.070957352 
     -0.23470037      -0.29494179      -0.17410476 
     -0.19172898      -0.25161050      -0.13037702 
     0.052458039     -0.013777565       0.12232973 
     0.076576121      0.020432666       0.13566715 
      0.12545973      0.073002530       0.17851613 
      0.28200254       0.22900114       0.33675056 
     0.068275963      0.010289213       0.12380213 
     0.036344389     -0.018971299      0.095622954 
     0.044760140     -0.015827008       0.10306032 
     0.077266244      0.025739127       0.13077373 
      0.12407929      0.070814860       0.17702328 
      0.12991047      0.073909508       0.18477668 
    -0.054692645      -0.11215509     0.0045585582 
     -0.14048600      -0.19855045     -0.080676351 
     0.019499368     -0.035576678      0.073722458 
    -0.031583833     -0.084967059      0.025717599 
     -0.17721428      -0.23341659      -0.11981217 
    -0.073984522      -0.13143862     -0.016058881 
    -0.012511122     -0.073340209      0.047134078 
    -0.066047850      -0.13147827    -0.0046437582 
    -0.047723697      -0.10793790      0.015628448 
     0.046181633     -0.014603170       0.10293648 
    -0.011700770     -0.065672752      0.044999306 
    -0.012246823     -0.065061837      0.041774277 
    -0.083365203      -0.13504496     -0.028993502 
    -0.013237296     -0.069708826      0.043399784 
     0.095114449      0.035859759       0.15623228 
     0.024298748     -0.032624262      0.082787988 
     0.061078451    -0.0029886686       0.12340284 
     0.078207054      0.020901312       0.13571083 
     0.056264692    0.00067446453       0.11189524 
     0.027070956     -0.030212871      0.085159851 
     0.063020666   6.8712054e-005       0.12793153 
     0.011673140     -0.047963267      0.072647477 
   -0.0074830942     -0.062429604      0.044711465 
    -0.028760342     -0.081894606      0.025808570 
    -0.044376046     -0.097078911      0.010945669 
    -0.061227031      -0.12189422    -0.0040335232 
    -0.024523591     -0.082538905      0.031996930 
    -0.041613962     -0.096736373      0.012038044 
    -0.039581358     -0.096127002      0.013494688 
     0.012857003     -0.041366876      0.067797954 
     0.085048799      0.023806747       0.13960127 
      0.10880826      0.046968147       0.17277234 
     -0.11461288      -0.17164115     -0.056940326 
     0.088955688      0.028213150       0.14489118 
     0.035889710     -0.021337456      0.091793888 
      0.14142092      0.082661984       0.19721107 
     0.078782495      0.019234309       0.13534761 
      0.17196113       0.11324029       0.23000990 
      0.26055449       0.19872221       0.31913629 
      0.16710991       0.10465956       0.23326992 
      0.20546774       0.13674610       0.27585558 
    -0.022131580     -0.094182417      0.049494952 
     -0.14297440      -0.20433420     -0.074993610 
     -0.10923899      -0.16407005     -0.049959865 
     -0.24053015      -0.29634735      -0.18353083 
    -0.051477068      -0.10764973     0.0048379973 
    -0.051409421      -0.10481749     0.0096958239 
    -0.039604068     -0.092734072      0.018207234 
     -0.15858960      -0.21298440      -0.10408487 
    -0.068040931      -0.12155569    -0.0097785543 
    -0.037037878     -0.092353333      0.018024248 
    -0.093543419      -0.14891335     -0.037048533 
    -0.082921759      -0.13869039     -0.023580920 
    -0.093174748      -0.15427255     -0.038996474 
     -0.12438483      -0.18686172     -0.063584588 
    -0.018345065     -0.082416620      0.049114929 
     0.010277987     -0.050247575      0.072609457 
     0.036584704     -0.024921911      0.093022108 
     0.037694893     -0.020225119      0.098000934 
     0.073318462      0.012810199       0.13216498 
     0.073091744      0.013629785       0.13656565 
     0.037909881     -0.029597596      0.099771150 
     0.011916388     -0.056533030      0.082317302 
     0.019546567     -0.046202856      0.082706944 
    -0.048868242      -0.11722303      0.016811270 
    -0.044924757      -0.10943969      0.025847050 
    -0.026736900     -0.091741879      0.035011313 
    -0.073597696      -0.13168646     -0.011362357 
     -0.15558560      -0.21473176     -0.098340405 
     -0.43518375      -0.49850704      -0.37888965 
     -0.25826319      -0.32321484      -0.19632768 
     -0.11790093      -0.17764005     -0.056606840 
     -0.41164701      -0.47515194      -0.34751073 
    -0.015592627     -0.093279494      0.062114424 
     0.080419435   -0.00028304561       0.16474659 
      0.13828934      0.051376381       0.22591601 
      0.13696299      0.056475385       0.21349354 
      0.11488801      0.045513917       0.18584351 
     0.080807074      0.019229010       0.14993312 
     0.065476029    0.00060408653       0.12756035 
     0.054028071    -0.0046570361       0.11542392 
     0.031565309     -0.025614567      0.091251172 
     0.035543221     -0.020030724      0.096462763 
     0.064393564     0.0082280971       0.12510995 
     0.041912886     -0.016715644       0.10346077 
     0.030857483     -0.032938888      0.095047524 
     0.041980214     -0.025303626       0.10909169 
    0.0010129641      -0.37885919       0.36715372 
