
     -0.23488241      -0.45898566     -0.026588539 
      0.26549414      0.029758599       0.49716931 
     -0.15919724      -0.31292754    -0.0070716093 
      0.26771209      0.048974819       0.46081134 
     -0.13161911      -0.27087529     0.0015263272 
     -0.70227409       -1.2161722      -0.11423672 
      0.13352952     -0.072681032       0.36060318 
     0.013670526      -0.15288971       0.18767211 
     -0.45958942      -0.81276721     -0.071104374 
      0.39615371      0.039070851       0.70989634 
     -0.58551826      -0.98724064      -0.13447300 
     -0.11206206      -0.22082834     -0.013958381 
     0.018414571     -0.073347792       0.11854554 
     -0.69917860       -1.1807138      -0.19265028 
     0.031547205      -0.10357017       0.16366147 
      0.26733014      0.062055133       0.45602405 
     -0.34189657      -0.58319068     -0.082688841 
     -0.94011413       -1.5940473      -0.26457506 
    0.0083024362      -0.10387451       0.12049191 
     -0.27576801      -0.47829765     -0.064721732 
      -1.4021055       -2.6135782      -0.29461175 
     -0.16757620      -0.35148993      0.015092875 
    -0.015653850      -0.18177724       0.15555814 
     -0.17917397      -0.31607727     -0.036905787 
    -0.076767093      -0.20395698      0.042090912 
     0.066791344     -0.054550265       0.20012050 
    -0.012155082      -0.19034550       0.13160497 
      0.40332753      0.093230468       0.67710548 
      0.17484660      0.029077661       0.32021362 
     -0.10306478      -0.23144908      0.010268959 
    -0.055280692      -0.15832101      0.034459863 
      0.40755381      0.060506003       0.71072523 
    -0.065457632      -0.22316311      0.083018360 
    -0.089783716      -0.21757948      0.024505004 
     -0.11777245      -0.26200339     0.0088985160 
     -0.30006434      -0.50131280     -0.066528242 
     -0.16827526      -0.36949787    -0.0025980547 
    -0.084223635      -0.21790117      0.034016084 
      0.38607377      0.063611374       0.66922328 
     -0.17436116      -0.31386403     -0.010619732 
      0.47303917      0.097350423       0.81238090 
     -0.10250961      -0.22998284      0.023587717 
      0.13563018    -0.0015497018       0.27808686 
     -0.15415816      -0.30156648    -0.0098206055 
     0.068125709    -0.0066817434       0.15066099 
    -0.041522589      -0.14961349      0.049339421 
      0.23534970      0.036474340       0.43898222 
      0.56300568       0.14239830       0.93375356 
      0.15457044      0.015049178       0.29889741 
      0.61353126       0.14486265        1.0398680 
      0.67997693       0.17607064        1.1464916 
      0.38672126      0.097171366       0.66280163 
      0.31429803      0.035793218       0.57009065 
      0.51953000       0.14109607       0.88035607 
     0.052472691     -0.095992497       0.19998586 
      0.28110756      0.064261969       0.47436665 
      0.42696447       0.10852928       0.71632927 
      -1.0119733       -1.9083102      -0.14162372 
      0.58301540      0.077343397        1.0516917 
      0.29138585      0.052998726       0.51021501 
      0.26417600      0.039051428       0.47057902 
     -0.42100352      -0.77105536     -0.036180925 
      0.39797916      0.072128131       0.67517750 
     -0.16832227      -0.35198105     0.0096341425 
      0.26871325      0.036911156       0.48805826 
   -0.0045954648      -0.14995833       0.13068803 
     -0.18141062      -0.31844088     -0.036616216 
     0.018631116     -0.050867083      0.091811369 
      0.22547429      0.052200866       0.38916076 
     -0.27553303      -0.48277341     -0.038017094 
      0.41596235      0.091326241       0.71040055 
      0.75403909       0.14453903        1.3488814 
    -0.046269245      -0.20075199      0.092647694 
     0.061040590     -0.099125540       0.22281931 
   -0.0088016196      -0.24390167       0.21293127 
      0.23049777      0.025115059       0.42387226 
     0.010663918     -0.056165388      0.076912933 
     0.034908117     -0.031262913       0.11019796 
     -0.20109953      -0.35272247     -0.035448368 
     -0.27965118      -0.45273894     -0.071411942 
     -0.18278001      -0.32947935     -0.037938906 
     -0.19374432      -0.34134030     -0.039126454 
     -0.59718496      -0.97957022      -0.16901179 
    -0.021399915      -0.12735068      0.086719498 
     -0.60039847       -1.0121737      -0.14049347 
     -0.33133441      -0.54459735     -0.087905441 
     0.022951942      -0.14412389       0.19301729 
     -0.12904787      -0.27093293     0.0046289469 
     -0.25066814      -0.44921113     -0.045626464 
     -0.64987814       -1.0968664      -0.15843536 
     -0.35939905      -0.59473774     -0.098697438 
     -0.55441425      -0.92623821      -0.12899554 
      -1.4606762       -2.5828876      -0.28882953 
     -0.27932814      -0.59637633      0.015068639 
     -0.87801760       -1.5749232      -0.14141662 
      0.71393671      0.068445189        1.3595307 
     -0.23042931      -0.46177896     0.0040162571 
     -0.66227237       -1.1498974      -0.14822220 
      0.26003626    -0.0013325226       0.50091017 
     -0.27423172      -0.49471988     -0.032998104 
      0.22104317     -0.010959232       0.46175183 
     -0.10572823      -0.25898151      0.034178405 
     -0.15260050      -0.29403637     -0.015259961 
     -0.18352539      -0.34254750     -0.013636515 
     0.080289389     -0.039745254       0.21481361 
     -0.57521953       -1.0048036     -0.095985298 
     -0.22250508      -0.39356853     -0.039388963 
      0.00000000       0.00000000       0.00000000 

     -0.13110282      -0.18973065     -0.058917889 
      -3.2853472       -5.1234249       -1.6911833 
     -0.93260630       -1.4826258      -0.36722925 
      0.32521474     -0.058904262       0.74904490 
     -0.44461719      -0.83837902     -0.023378434 
      -2.1079012       -3.2740267     -0.022008072 
       1.6620590      0.032978451        2.6962683 
      0.79125143      0.010597482        1.4126512 
     -0.50876720       -1.3036045       0.19554159 
      0.67557550      0.010266650        1.4347510 
       1.0719684      0.080056318        1.7437602 
      0.76035068       0.10853544        1.2402639 
       1.0568031       0.16170804        1.6933377 
      0.81957098      0.036046432        1.3132527 
      -1.2332701       -1.9902055    -0.0059292956 
      0.76922973      0.017422223        1.3603712 
     -0.57051540       -1.0656817      0.026246227 
      0.67525045      0.031009496        1.1540186 
       1.0617303       0.16630685        1.7369924 
    0.0052363363      -0.42834326       0.46139670 
      -2.2626204       -3.5190203      -0.73160565 
      -1.6004107       -2.6670785      -0.54271676 
      0.97665606    -0.0036646392        1.6298361 
     -0.95105553       -1.5573504      -0.12938740 
      -1.5356844       -2.4172815     -0.047022299 
      0.20279898      -0.23467609       0.74423552 
      -2.0059756       -3.6868241     -0.038203281 
    -0.062415933      -0.43626913       0.32655649 
      0.21114257     -0.085310249       0.60983141 
     -0.83382165       -1.7343018     -0.017295323 
     -0.39907631      -0.84092680    -0.0083731419 
   -0.0080405862      -0.32801200       0.30479737 
     -0.19952556      -0.62734916      0.074074981 
      0.54873377      0.022261744        1.2817522 
      0.87636882      0.028921564        1.8887564 
      0.16902091     -0.032052450       0.45147212 
      0.88553376      0.022578100        1.9517002 
     -0.32168057      -0.90208507      0.026707526 
     -0.10938643      -0.43300307       0.11512583 
     -0.15398170      -0.41160323     0.0088518474 
     -0.15231372      -0.40729801     0.0019492801 
     0.013478348     -0.083886763       0.12183042 
      0.18324599    -0.0073562215       0.49919120 
     -0.19814836      -0.56457986     0.0084338901 
    -0.090021021      -0.25696724      0.010781042 
     0.086007972     -0.022995265       0.23788615 
    -0.059201673      -0.21166794      0.061738754 
      0.15067995      0.011361369       0.37961132 
     0.022095794     -0.056682101       0.12857771 
     0.046449382     -0.058028172       0.18295165 
      0.17869414     0.0097032522       0.43119185 
    -0.079520225      -0.29750103      0.071370720 
      0.26501665      0.012240516       0.64384562 
      0.15650291     -0.021115467       0.42222872 
      0.62888076      0.039710878        1.3991167 
      0.86163527      0.056276828        1.7192194 
      0.79825702      0.050245902        1.4488870 
      0.31807451     -0.035437754       0.77825322 
       1.5161287       0.14556050        2.5316981 
      0.52651627      0.012341104        1.0238921 
     -0.98754345       -1.6682867      -0.15986965 
      -1.5313004       -2.4986434      -0.31370441 
     -0.42422365      -0.85963095    -0.0059394208 
      -2.4232685       -4.1627917      -0.34018234 
      0.33670777      -0.12325360       0.85714455 
     -0.20811135      -0.77316086       0.24511715 
      0.10294641      -0.10731891       0.38296407 
     -0.74236620       -1.2842936     -0.021191532 
    -0.098753077      -0.43781586       0.21374203 
      -1.2948306       -2.1675502     -0.034571683 
      -1.3807398       -2.5102723     -0.022303618 
       1.0734268     -0.011093502        2.3468873 
      -1.0238215       -2.3800606    -0.0069741376 
     -0.24068553      -0.73456523      0.052980991 
     -0.33170724      -0.98238179      0.054145935 
      0.13072510     -0.046042415       0.40050375 
   -0.0042300690      -0.10749460      0.096156704 
    -0.013799464      -0.10041180      0.069188066 
    -0.049444345      -0.14808640      0.040891978 
     0.056027494     -0.032209816       0.16510286 
     0.040546891     -0.045488890       0.13917762 
     0.091472548     -0.019528480       0.24640729 
     0.096992697     -0.015962217       0.25330809 
    -0.028018530      -0.10209903      0.043430932 
     0.030240882     -0.051665369       0.12672552 
     0.062847156     -0.037025893       0.21649362 
     0.030467795     -0.097239945       0.19022750 
     -0.17305301      -0.48968502   -0.00085441737 
     -0.29178653      -0.90410760    -0.0018438784 
     -0.30673288      -0.91064482   -0.00094670740 
     -0.34170732       -1.0610734     0.0020901281 
     -0.89083834       -2.6418468     -0.011480177 
     -0.94702712       -3.1299152      0.012441276 
    -0.035685412      -0.38931705       0.20221513 
     -0.24193260      -0.77947204      0.059693954 
      0.15799547     -0.061729633       0.52021894 
      0.18238137     -0.030052379       0.59462283 
     0.065559084     -0.049902335       0.25759228 
      0.17323710     -0.014770760       0.50617371 
     0.088817511     -0.034904512       0.26466274 
      0.23271729    -0.0082858591       0.61840540 
      0.14774240     -0.019504703       0.40415481 
    -0.096482555      -0.26456223      0.034696272 
     -0.11553475      -0.26624780     0.0051288794 
     0.068216751     -0.013429968       0.12592025 
    -0.024975008     -0.056753816      0.018661741 
    -0.050210763     -0.075132574     -0.016563034 
      0.00000000       0.00000000       0.00000000 

     0.029961880     -0.013697473      0.076368992 
    -0.029694576     -0.099990456      0.032939090 
     0.015453173     -0.017674489      0.057806534 
    -0.042405111     -0.095262703     0.0048036789 
     0.023367298     -0.039032632      0.087081788 
     -0.14523306      -0.39770218      0.055917479 
     0.068294429     -0.022339026       0.17788498 
      0.21614235      0.012100491       0.42394377 
     0.041412813     -0.040820130       0.13002459 
     -0.13942928      -0.29047861     0.0041145812 
     0.085726255     0.0068603454       0.16810828 
     0.090059412     0.0084952464       0.17187300 
   -0.0015627463     -0.055418188      0.047056911 
     0.039456309     -0.018527704       0.11145397 
    -0.019508193     -0.085149553      0.037727251 
    0.0080297464     -0.059773296      0.073498739 
     -0.10172764      -0.22443854     0.0018836816 
    0.0084044594     -0.037423938      0.057826488 
    -0.077013619      -0.19554664      0.015194360 
     0.021065595     -0.047031762      0.093043127 
    -0.051698524      -0.13801352      0.014557441 
    -0.043014136      -0.11324160      0.018645205 
     -0.10132064      -0.18815103    -0.0093909777 
     -0.20367002      -0.36574648     -0.015500372 
     -0.16020422      -0.30565383     -0.010640881 
     -0.32973079      -0.66886250     -0.013050892 
     0.039728119     -0.057314978       0.13806969 
     -0.27304061      -0.53045121     -0.017558254 
     0.019648408     -0.050046146      0.096753171 
     -0.18776406      -0.35202283    -0.0088619413 
    -0.019101890     -0.073876922      0.029307573 
     -0.29790792      -0.68108695     0.0014783289 
   -0.0052308662     -0.053887741      0.041796681 
    -0.028744654     -0.087548838      0.024961277 
     0.027875048     -0.018886728      0.079207904 
     0.036048547    -0.0057801265      0.080026385 
     0.041442542     -0.012370690       0.10525681 
     0.023341326     -0.016345340      0.071003378 
    -0.099453291      -0.21781122     0.0098785609 
    -0.019005708     -0.053512771      0.012888568 
    -0.068746476      -0.15198921     0.0041750539 
    0.0081341026     -0.025254646      0.043464739 
     0.052474621    -0.0086137100       0.12347172 
     0.033573036    -0.0042047184      0.078452221 
    -0.033230602     -0.092680592      0.018943491 
      0.15782614      0.021091494       0.28366666 
     0.081935056     0.0088534986       0.14829325 
     0.074489783    0.00071838371       0.14744258 
     0.032648564     -0.072119157       0.13261332 
      0.11127708      0.013522648       0.20506305 
   -0.0030023743     -0.062891332      0.062253325 
     0.016251129     -0.032329233      0.069125224 
    -0.018997460     -0.083583183      0.035616630 
     0.047865663     -0.010812172       0.11468302 
     0.011938740     -0.060667777      0.089177256 
     0.038496695     -0.026284885       0.11696254 
     0.075273739    -0.0018034598       0.16423661 
    -0.020098630      -0.10240115      0.064127582 
    -0.058526068      -0.21075043      0.089266950 
     0.031413830     -0.036833002       0.11055334 
     0.033807690     -0.035239888       0.10947298 
     -0.20000840      -0.38148953     -0.016090797 
    -0.094905199      -0.23295978     0.0071670644 
    -0.031496371      -0.11442105      0.045730540 
     -0.34454963      -0.81236187     -0.015959266 
     0.070980944     -0.029918337       0.20019462 
    -0.079765154      -0.17300478  -7.9156593e-005 
     -0.10079086      -0.20151157    -0.0047622685 
     0.091669481     0.0072023356       0.18485440 
   -0.0050815246      -0.10652429      0.090544713 
    -0.054576753      -0.17799893      0.055982837 
      0.12478455    -0.0047778319       0.26814345 
     0.060810586     0.0030195033       0.12457378 
     -0.13323032      -0.29900509      0.024631776 
      0.27126766      0.018002784       0.51422783 
     0.071145080     -0.026113024       0.18269633 
     0.065491490    0.00022092226       0.13927554 
     0.037086533     -0.031128568       0.11089990 
     0.016401219     -0.071201671      0.098097946 
     0.076619885     0.0048559770       0.15109975 
      0.13714135      0.016353352       0.24990559 
      0.10715561     0.0046498921       0.21246400 
      0.15419953      0.011517413       0.28918075 
      0.10845601     0.0018790890       0.23651941 
    -0.041128493      -0.15108387      0.056921851 
     0.041387100     -0.029133846       0.12171649 
      0.20776134      0.026852310       0.36906861 
      0.14084422      0.020764645       0.25052706 
     0.090374642     0.0044584070       0.18187299 
     0.035143128     -0.042358586       0.11423645 
     0.051845163     -0.051383150       0.17691425 
      0.14206398      0.010454875       0.28933981 
     0.044234725      -0.28267969       0.42207547 
     -0.21217513      -0.38511136     -0.039542826 
     -0.88213770       -1.3041525      -0.27621170 
      -1.1981719       -2.1206113      -0.30219075 
    -0.086122584      -0.24860231      0.058276406 
    -0.072370789      -0.26140569      0.091409021 
      0.25327610      0.024535189       0.51454537 
     -0.26322513      -0.62109623      0.051868703 
      0.23627871      0.015150262       0.48536075 
     0.095652010     -0.078997245       0.31296254 
     0.075539420     -0.049645081       0.20385925 
    -0.081056689      -0.22730567      0.036113554 
     0.038975106     -0.022758278       0.10139714 
   -0.0037544574     -0.056785571      0.048494782 
    -0.029736147     -0.070012255     0.0046187106 
      0.00000000       0.00000000       0.00000000 

     0.033498123      -0.10967941       0.18998503 
      0.45995120     -0.058589042        1.0351768 
      0.16735348     -0.020529786       0.39216439 
     -0.22090532      -0.52032724      0.015906965 
      0.12573722     -0.086724538       0.39832096 
      0.36722094     -0.086507422        1.0619948 
     -0.67544398       -1.5848895     -0.010255813 
     -0.41680837       -1.2150885      0.067490834 
     -0.35066899      -0.87786538    -0.0066596519 
    -0.040146511      -0.24312228       0.12468351 
     0.045250795      -0.10598942       0.21207730 
      0.18658600     -0.016463679       0.47394528 
     -0.12270713      -0.35667962      0.038243208 
      0.28215625     0.0030877062       0.68435046 
     -0.16759410      -0.44916731      0.040043141 
     -0.28811838      -0.62347166     -0.014509122 
     -0.90711951       -1.7750092     -0.042492719 
      0.23739205      -0.11515081       0.73979798 
     -0.86316125       -1.6538410     -0.034587678 
     -0.92089014       -1.8323868     -0.040566770 
     -0.46828082      -0.94799370     -0.021534367 
     -0.13487907      -0.38834859      0.062479953 
     -0.17135833      -0.48453546      0.075327820 
     -0.26817793      -0.64984707     0.0041274126 
     -0.28472965      -0.69165375     0.0044096095 
     -0.66686929       -1.6472372    -0.0085092417 
      0.40561841     -0.025753666        1.1502534 
     -0.40927505       -1.1456529      0.022910434 
    -0.071402307      -0.27937703      0.050328925 
    -0.073241513      -0.38919310       0.15565604 
    -0.016843931      -0.19821287       0.14261806 
     0.032560065      -0.21872835       0.24688547 
    -0.052265524      -0.23227075      0.068600008 
     -0.22860663      -0.55284820    -0.0067387687 
     -0.18695524      -0.45377753    0.00084227313 
     -0.12278136      -0.32106956      0.010591894 
    -0.064728782      -0.21309047      0.044794903 
    -0.055504431      -0.17206125      0.035379653 
    -0.085926539      -0.23379671      0.015108495 
    -0.011358694     -0.093037933      0.058348544 
     0.026766147     -0.050888491       0.11951834 
    -0.067644958      -0.17597308      0.010062122 
    -0.026371837      -0.12151269      0.061353102 
     0.026183091     -0.046710059       0.11198696 
     0.046179582    -0.0074210002       0.13266823 
      0.17420238     0.0099301920       0.42419528 
     0.034354613     -0.050898380       0.14832229 
     0.063216740     -0.027159133       0.18887808 
      0.21899976      0.017339766       0.50784579 
      0.14030131     0.0059222975       0.32895366 
     0.053523144     -0.029151153       0.18241528 
      0.20035174      0.012304792       0.46245763 
      0.13000251     -0.011818847       0.33224760 
      0.16769780     -0.013577073       0.42934034 
     0.012330118      -0.12297311       0.17957090 
      0.16069753    -0.0074266920       0.41097760 
      0.31549949     0.0085777255       0.76351523 
      0.31155317    -0.0010521254       0.74362951 
     -0.15967426      -0.64915928       0.17054536 
      0.40103832    -0.0025800004        1.0001933 
      0.38926452    -0.0039726958       0.96463862 
     0.063286959      -0.27501300       0.45463602 
      0.14190881      -0.13769306       0.48741528 
      0.37164005    -0.0095560031       0.85184936 
     -0.62978484       -1.6040311      0.058242450 
       1.3765324      0.043867065        2.9314678 
     0.060674626      -0.19803025       0.37047816 
     -0.14198968      -0.51985731       0.17324793 
     0.084427360      -0.14111349       0.38615947 
      0.43206177    -0.0054506383       0.94175061 
      0.42145299    -0.0052440108       0.96236546 
     -0.28025110      -0.86195409       0.11659244 
      0.10268826      -0.13007697       0.38807138 
      0.11782209      -0.12871202       0.44568879 
      0.36694559    -0.0023343397       0.80368250 
      0.73295620      0.038193056        1.4245635 
      0.39764388      0.027403398       0.75010874 
      0.47574220      0.037964332       0.86029509 
      0.98896423      0.062080805        1.7366078 
      0.51842700      0.040591064       0.91047762 
      0.43064339      0.014285820       0.83642120 
      0.47122240     0.0034983861       0.94600041 
      0.21583580      -0.14965987       0.63568116 
      0.76801457      0.028102767        1.4398149 
      0.58808353      0.039244387        1.0543947 
      0.60708390      0.034719183        1.1101900 
     -0.17785104      -0.66240196       0.20544484 
      0.14251940      -0.11304333       0.48507948 
     -0.23707781      -0.56646431      0.038334501 
     -0.13500381      -0.39436415      0.078407292 
     -0.51336538      -0.96975233     -0.027555110 
     -0.42302252      -0.93418926      0.035423343 
      -3.7224573       -5.8629999      -0.38949890 
      0.22412593      -0.53506754        1.0361557 
      0.81978028     -0.068449654        1.7534012 
       1.5924833    0.00024872943        2.8547746 
       1.0041290     0.0055608067        1.9276611 
     -0.18023062      -0.85058654       0.46481897 
     -0.41890892       -1.1399615       0.18148413 
      -1.8773867       -3.0871116      -0.25286207 
      -1.1043197       -1.9437579     -0.099851430 
      -1.2656607       -2.2855153     -0.039963108 
     -0.64038712       -1.4134932     0.0068697884 
     -0.78256392       -1.7219477     -0.013126495 
     -0.34993642      -0.83352755     0.0059562340 
     -0.19803289      -0.48737738     0.0059511996 
     -0.14820226      -0.33816590     -0.015630494 
      0.00000000       0.00000000       0.00000000 

      0.15595149      0.045475957       0.26618511 
     -0.25117727      -0.58303277     -0.024901046 
     -0.23916066      -0.53854518     -0.033693108 
     -0.16256743      -0.39322565      0.010503066 
     -0.28517200      -0.63411377     -0.032025674 
      0.34555977     -0.014711485       0.82868054 
      0.15105701     0.0036280289       0.33009233 
     -0.21247661      -0.48449852     0.0074028284 
      0.94695256      0.098716493        2.1014846 
     -0.55643074       -1.1379197     -0.025097612 
      0.21644573     0.0065355926       0.45226961 
     -0.18082040      -0.39442920    0.00029461155 
     0.080465487     -0.017759682       0.20408442 
      0.29515383      0.014918331       0.59540063 
     -0.15728333      -0.31904396  -3.3836860e-005 
    0.0033396397      -0.12351212       0.11976542 
     -0.26101945      -0.51065984     -0.010628565 
      0.11066735    -0.0076077727       0.24691503 
      0.35530594      0.014777233       0.68029254 
    -0.075596590      -0.18078388      0.020861061 
     -0.10334316      -0.26220958      0.030703116 
     -0.28461393      -0.53471441     -0.010770335 
      0.25008903     0.0092057828       0.45879663 
      0.12747197     0.0018457644       0.25765428 
      0.15554811     -0.025409332       0.36327494 
    -0.018378655      -0.11899666      0.073433854 
    -0.076230830      -0.26541502      0.097227637 
    -0.047471577      -0.15503918      0.044220206 
    -0.034612481      -0.12481085      0.056279653 
     -0.12499971      -0.25821231    0.00013199088 
     -0.19126430      -0.34939326    -0.0090860793 
    -0.066724219      -0.22567643      0.077259237 
     -0.13288262      -0.26905923     0.0013128265 
     0.068348251     -0.022747593       0.17611535 
      0.40162665      0.017730152       0.73031363 
     -0.12580670      -0.27697964     0.0072725160 
      0.38813664      0.013042839       0.75021542 
   0.00091540481      -0.10228468       0.10639860 
     -0.24555123      -0.46989275    -0.0067729805 
     -0.24340124      -0.47430849    -0.0068277838 
     -0.29273195      -0.56927121     -0.011670463 
     -0.13043904      -0.25716325    -0.0037430254 
      0.42635992      0.017938106       0.79739221 
    0.0042587779     -0.094968250      0.096560582 
     -0.12466541      -0.23657497    -0.0039309791 
      0.19558347     0.0053226022       0.37430670 
      0.19069253    -0.0062648012       0.41561749 
     0.061882073     -0.041687988       0.17966515 
      0.15399598    -0.0085975539       0.32408063 
   -0.0017302715      -0.13945781       0.13980048 
    -0.088418375      -0.19826022     0.0033752462 
     -0.15865101      -0.29741521    -0.0065762728 
      0.35287204      0.015113293       0.62132869 
    -0.086477762      -0.29684316      0.096715487 
   -0.0087197105      -0.19806829       0.15101590 
      0.26514226     0.0071333620       0.52813726 
      0.47210265      0.014020581       0.96853956 
     -0.53359376       -1.1513288    -0.0090896131 
      0.56423443      0.012190502        1.2668862 
    -0.035629225      -0.19334878       0.12011860 
     -0.23705139      -0.49345521    -0.0074058797 
     -0.30946228      -0.71201584   -0.00087066820 
      0.21322807     0.0033641567       0.45093206 
     -0.48290102       -1.0373549     -0.013095663 
     -0.20852175      -0.43554412    -0.0037090077 
      0.20266871     0.0050393275       0.39069049 
      0.21478040     0.0079186313       0.38874699 
     0.013755267     -0.067891833       0.10066943 
      0.12566309     0.0014942726       0.24433653 
    -0.081809338      -0.23960099      0.054224589 
     -0.22118205      -0.42211731    -0.0061106944 
      0.18031704    0.00042386743       0.36408276 
    -0.014160378     -0.095659993      0.066006809 
      0.11021343     -0.016555038       0.25247453 
    -0.078873992      -0.27009819      0.078057700 
     0.093993627    0.00033568474       0.19398166 
     -0.11060213      -0.20735761    -0.0028596673 
    -0.065504587      -0.17050196      0.019640573 
     -0.28343801      -0.52527642     -0.012068505 
   0.00015320967     -0.071862373      0.066469387 
     0.067132920     -0.010546991       0.16498627 
     0.085701115     -0.010027374       0.20930362 
      0.11112214    0.00082037140       0.22574731 
     -0.12522389      -0.24354185    -0.0036132991 
   -0.0018554371      -0.15649894       0.14549114 
   -0.0076027777      -0.11320438      0.083466920 
      0.14111119     0.0031432827       0.27997587 
     0.073463517    0.00098253059       0.15974443 
    -0.071776760      -0.17159303     0.0076184058 
     0.059704934     -0.032094614       0.16826327 
    -0.013998490      -0.10356293      0.070318525 
     -0.13738356      -0.29887460     0.0079019347 
     -0.39315791      -0.76924023    -0.0060114361 
     -0.30679937      -0.58754909     -0.010992052 
    -0.089442964      -0.27716026      0.086029919 
     0.055533345     -0.091312695       0.23946347 
      0.44488525      0.012439110       0.84064011 
      0.22003246    0.00086808532       0.44682205 
      0.12672459     -0.019458601       0.30562032 
      0.37945246     0.0091661834       0.71193441 
    -0.075470472      -0.23077717      0.053766953 
     0.056538365      -0.11172759       0.24924589 
     -0.11106532      -0.22320610    -0.0015788879 
     -0.35689427      -0.64427702     -0.015055749 
      0.29426640      0.015271278       0.52867511 
    -0.041104863      -0.16086118      0.060630565 
     -0.22588938      -0.41904068     -0.014892009 
      0.00000000       0.00000000       0.00000000 

      0.59403247       0.26285447       0.89711739 
     -0.19254449      -0.36386957     -0.026812582 
     -0.20382879      -0.37340599     -0.024830574 
     -0.11344329      -0.24899389      0.011129054 
      0.16141671      0.021088856       0.30017397 
     -0.30119625      -0.76565448      0.085855566 
      0.24566824     0.0085932495       0.49024220 
   -0.0026802614      -0.16314271       0.18185632 
      0.25988637    -0.0054494347       0.54049210 
     -0.15299653      -0.33945012     0.0091484391 
      0.33571171      0.044806412       0.60382006 
     -0.40528162      -0.71473886     -0.044295852 
      0.14147557      0.010672943       0.28066563 
      0.12264542     -0.051725415       0.32290097 
     -0.20342693      -0.38222496     -0.019240269 
      0.41047977      0.055045496       0.74345780 
     -0.19624543      -0.44655457     0.0069677109 
      0.58800579      0.082496224        1.0754070 
     0.025985120      -0.18323633       0.23647567 
    -0.027613757      -0.24128969       0.18975095 
     -0.20462742      -0.43359019    -0.0020575046 
      -1.1149737       -2.2588413     -0.087492181 
      0.20863464      0.031536792       0.39198994 
      0.12298297     -0.022507568       0.28802001 
     0.021671640      -0.16214127       0.19186787 
    -0.013986695      -0.20395976       0.19007062 
      0.37223939      0.037643867       0.69958379 
    -0.031383042      -0.14701086      0.085259478 
      0.10541643     -0.058342514       0.29529226 
     -0.22071971      -0.42109867     -0.011458388 
     -0.16265834      -0.32693529     -0.010320319 
      0.11627372     -0.064420411       0.32820966 
      0.25210803     -0.010599272       0.53885443 
    -0.095724726      -0.27098254      0.047293321 
      0.24283899      0.023197505       0.45496294 
     -0.68330596       -1.2237108     -0.092483442 
      0.28686352      0.024837683       0.55078205 
      0.12149995     -0.044123249       0.30712829 
     -0.56035908       -1.0346234     -0.053712091 
     -0.25225312      -0.47341914     -0.022576597 
     0.010786114      -0.10829650       0.14903560 
     -0.12125510      -0.25602000   -0.00096762880 
      0.37701502      0.041336544       0.68740912 
      0.15488841    -0.0043418407       0.32575363 
     0.032984681     -0.084184862       0.14994134 
    -0.078637556      -0.22736664      0.044162116 
     0.032818901      -0.11806022       0.20696526 
      0.25909264      0.025630554       0.48120441 
     -0.37336830      -0.75345140    -0.0093741809 
     -0.18782951      -0.41133077     0.0068631511 
   -0.0021748982      -0.12913493       0.12151549 
     -0.38947737      -0.71035282     -0.034094461 
      0.34778294      0.037771620       0.63594396 
     -0.24982506      -0.49401273     -0.014168318 
     0.087789306     -0.054198289       0.23832133 
      0.29495665      0.023623526       0.54089932 
     -0.16784212      -0.46982009      0.085931027 
      0.12060208     -0.084534506       0.36330426 
       1.3908385      0.077755098        2.7526430 
      0.21487905     -0.051998099       0.53827144 
     -0.19878370      -0.44323774      0.022196071 
    -0.056986135      -0.21674099      0.077491842 
      0.11980418    -0.0066838295       0.25624527 
     -0.21128671      -0.47260318      0.018237376 
     -0.19178998      -0.54240772       0.10285457 
     0.058543599     -0.093442864       0.21527251 
      0.13151170    -0.0020331054       0.28483827 
     0.078498422     -0.053447297       0.21404607 
    -0.072961615      -0.19994129      0.023874768 
     -0.18874921      -0.37610324    -0.0078277348 
     0.048651342     -0.087866551       0.21012699 
      0.30281941      0.014031487       0.56990521 
      0.10356792     -0.022093577       0.24876736 
     -0.10776049      -0.34451386       0.10551977 
     0.028983514      -0.16015919       0.23037318 
      0.11595065     -0.022146549       0.26987197 
     -0.32620836      -0.58548229     -0.027038375 
     -0.20296735      -0.40677482     -0.013204304 
    -0.099104876      -0.25263252      0.038954156 
     0.071686943     -0.017054678       0.17114420 
     0.069202497     -0.031950802       0.19106696 
      0.48524956      0.044924126       0.89077746 
     -0.11035541      -0.31645731      0.047882161 
     -0.51473952      -0.92999061     -0.039012698 
    -0.082420538      -0.24464162      0.060122658 
    -0.029935672      -0.17444235       0.11225960 
      0.19199489      0.014354883       0.35616279 
    0.0073466932      -0.10455332       0.12286358 
     -0.12813240      -0.27590547     0.0056355918 
      0.11915093    -0.0014036377       0.26218961 
      0.45047291      0.058086816       0.81194096 
      0.25957000     -0.027096993       0.58316833 
    -0.098059378      -0.49534276       0.29192323 
      -1.6858811       -3.4209425     -0.074740043 
      0.31162519     0.0073662995       0.64155140 
       1.7275616       0.19305550        3.2836760 
      0.55265997     -0.021356204        1.2504154 
    -0.015555098      -0.35341234       0.33289840 
      0.55622550      0.064445936        1.0969291 
      0.10364914      -0.19961327       0.42417159 
     -0.17401801      -0.42897578      0.053827120 
     -0.98688530       -1.9799623     -0.066813123 
     0.025114387      -0.12479588       0.18209115 
     0.087206699     -0.082594662       0.29139579 
      0.41496791      0.050865228       0.77359466 
     -0.20029506      -0.40456204     -0.013079154 
     -0.70577795       -1.4165328     -0.043146323 
      0.00000000       0.00000000       0.00000000 

    -0.065644206      -0.24479851       0.11035776 
      0.50444691      -0.50979237        1.8799441 
     -0.23509284      -0.84473056       0.26290717 
     -0.68136602       -1.6203179   6.6409596e-005 
     -0.25617578      -0.80841753       0.13633916 
     0.036650548      -0.54973508       0.63004938 
     -0.83535785       -2.3024583      0.035282714 
     -0.20088759      -0.65270837       0.13789481 
     0.093227626      -0.33231440       0.51747472 
     -0.28820612      -0.79630953      0.038233411 
     -0.21840557      -0.72991529       0.16497616 
     -0.23007030      -0.67938295      0.060892390 
     -0.35727387      -0.97250974     0.0058467283 
     -0.30012509      -0.84722755      0.028971222 
      0.31262965      -0.23018249        1.1518670 
     -0.20581821      -0.71224642       0.10604597 
      0.56499724     -0.031810188        1.9002361 
     -0.14538900      -0.67880081       0.25172750 
     -0.19860408      -0.72624358       0.16514412 
      0.19152420      -0.15870357       0.73318739 
      0.39429518      -0.23977372        1.3654676 
      0.27779015      -0.12333958       0.89508590 
     -0.45675302       -1.4284993      0.050746893 
     0.093370499      -0.20031203       0.40538438 
      0.24148152     -0.076353253       0.77174240 
   -0.0089246404      -0.18691928       0.20873577 
      0.22167536      -0.12035753       0.73068762 
     -0.14824445      -0.46643054      0.095241812 
     -0.25441765      -0.67567273      0.022219744 
     0.048491823      -0.37902803       0.47861964 
    -0.047786897      -0.37344797       0.29075591 
     -0.48654797       -1.2819935      0.013622943 
      0.20525440      -0.16299718       0.79925409 
     -0.57964493       -1.6431919      0.021997209 
     -0.85888839       -2.3583684   5.3601061e-005 
   -0.0078489567      -0.43479246       0.42428647 
     -0.95394767       -2.5763339    -0.0074716807 
      0.60210675      -0.11289056        1.9543841 
    -0.013902303      -0.48185686       0.45930009 
      0.23780044      -0.13135634       0.81443119 
      0.11691951      -0.20544877       0.52671750 
    -0.032541919      -0.26245884       0.16518399 
     -0.55243052       -1.5771715     0.0078101702 
      0.65253030     -0.045596347        1.9679476 
      0.18443684      -0.11177609       0.58904835 
     -0.24617664      -0.87400701       0.18520330 
      0.53572743     -0.037041588        1.5789446 
     -0.16015342      -0.80193164       0.33002163 
      0.17758755      -0.16190653       0.64644070 
      0.34772684     -0.098320505       0.98795607 
    -0.076964444      -0.60026961       0.38333019 
      0.35485214     -0.067074259        1.0826870 
     -0.46677115       -1.5452331       0.16433359 
      0.30117050      -0.14654708        1.0007386 
     -0.43824586       -1.4924812       0.21216653 
     -0.29382709       -1.0752840       0.26211238 
     -0.11573121      -0.54276584       0.29153836 
     0.092208168      -0.21605815       0.50461560 
     -0.36334610       -1.0708673      0.093625986 
     -0.23601914      -0.67855024      0.050103871 
     0.071248162      -0.36469625       0.38847877 
      0.10150859      -0.40138323       0.51406925 
     -0.13342391      -0.51806813       0.13907259 
      0.30194342      -0.12839326       0.94989943 
     -0.19825412      -0.62169792      0.098059626 
     -0.14213033      -0.43696360      0.074987500 
     -0.16295399      -0.47919373      0.051733256 
    -0.010519417      -0.35634355       0.27434692 
     -0.13394335      -0.44738057      0.067458936 
      0.25298849      -0.21483877       0.97057621 
      0.15589409      -0.28986302       0.81305697 
     -0.91041547       -2.8368276   -0.00069848994 
      0.21957758      -0.37957503        1.1175649 
     -0.32530862      -0.94760172      0.059506483 
      0.58976756     -0.064100764        1.8250303 
     -0.74652375       -2.0225209    -0.0071033426 
    -0.055693248      -0.38287499       0.21556897 
    -0.053783298      -0.33342448       0.21072525 
     -0.17699109      -0.55070939       0.12092979 
     -0.70790602       -1.5431036     -0.026650562 
     -0.79394548       -1.5878611     -0.035208492 
      -1.3602305       -2.5557242     -0.051472200 
      -1.1060823       -2.2166194     -0.022844810 
     -0.22382581      -0.88414998       0.32462673 
     -0.60816422       -1.5520865      0.065294300 
     -0.90240927       -1.8198002     -0.015871449 
     -0.32915438       -1.0979972       0.24755589 
      0.37992081      -0.24989394        1.1568785 
       1.3739584    -0.0096324077        2.5211100 
       1.2329701     -0.043938023        2.3453706 
       1.8300678      0.091013266        2.9719138 
       3.4378512       0.20045135        5.3394852 
       4.9646617       0.16732351        7.3869821 
      0.31538156      -0.75616821        1.4851891 
       1.4281039     -0.025256687        2.9617722 
      -2.5131338       -4.5910111      0.068899466 
      -1.3563172       -2.6020451      0.074999328 
     -0.43883362       -1.1358686       0.17650891 
      -1.3269199       -2.5969869      0.040210069 
     -0.45709241       -1.0732239      0.040608542 
      -1.0524019       -2.5019474      0.076798396 
     -0.47978341       -1.2498365      0.055960904 
      0.67065956     -0.022105758        1.5765475 
      0.79749268    -0.0071441292        1.9217447 
     -0.57823677       -1.6417923     0.0086778830 
      0.89069939     0.0044433256        2.5586678 
      0.65597529      0.014471954        2.0355310 
      0.00000000       0.00000000       0.00000000 

      0.18123066      0.029399187       0.33523586 
    -0.039246745     -0.062417078     -0.014390303 
    -0.030603640     -0.063719267     0.0012137591 
     -0.21464931      -0.38300929     -0.043985070 
      0.19163640      0.041010011       0.34442932 
     -0.24394339      -0.42829975     -0.061356685 
     0.068916355      0.017030908       0.12066138 
     0.054655263     0.0032629567       0.10649613 
     -0.26352202      -0.46237196     -0.066506246 
     -0.24047936      -0.43387248     -0.038343342 
     0.043573075     0.0083276307      0.078839583 
     0.026000568    -0.0063375351      0.061596292 
     0.047061716     0.0016939204      0.094166443 
      0.24004393      0.060282051       0.42960022 
   -0.0017882002     -0.039018114      0.037499589 
    -0.016904787     -0.047457356      0.012946373 
   -0.0026553757     -0.027857836      0.021544402 
   -0.0069605980     -0.034541668      0.019558564 
     0.053223236      0.012457448      0.092261372 
     0.084368275      0.016456331       0.14999274 
    -0.065309420      -0.10655705     -0.021419124 
     -0.15308410      -0.26642980     -0.037504502 
     0.063778145      0.024793574       0.10018126 
     0.042082203     0.0059810410      0.075990920 
     -0.10975220      -0.18243652     -0.033494332 
     0.022816735    -0.0028705880      0.050796752 
     0.052008156      0.010903976      0.092122725 
    -0.020666413     -0.044455253     0.0018134722 
    -0.040624966     -0.073519949    -0.0082233826 
     0.034678502     0.0079518794      0.061093363 
    -0.026983290     -0.055523659    -0.0012160019 
   -0.0030917153     -0.038303844      0.032174066 
     -0.11120257      -0.19359659     -0.028439536 
    -0.036044802     -0.072042861   -0.00067640188 
     0.061621655      0.019956987       0.10149433 
    -0.019135780     -0.051939970      0.012250313 
     0.028797659     -0.010018721      0.070042042 
     0.045601735     0.0027896112      0.091697964 
     0.037892213     0.0045294519      0.071640763 
   -0.0010750862     -0.021742558      0.019529056 
     0.037606615     0.0047533533      0.071613760 
    -0.012563472     -0.033196384     0.0077069381 
   -0.0047848285     -0.021289140      0.012543957 
    -0.024164775     -0.043675420    -0.0034674699 
    -0.028526938     -0.052989993    -0.0040363373 
    -0.036018002     -0.065574240    -0.0076866054 
   0.00010865035     -0.019053626      0.018746348 
   -0.0031497290     -0.019125323      0.012258539 
   -0.0048694609     -0.025083788      0.015933860 
     0.029922644     0.0046829352      0.058062349 
     0.086574201      0.021096657       0.14933799 
     0.097829385      0.015991535       0.17546527 
     -0.18364908      -0.31833506     -0.049401738 
     0.060668352      0.018127355       0.10366277 
    -0.019458435     -0.055262228      0.014603411 
     0.077181180      0.018431565       0.13612864 
    0.0095828233     -0.044493999      0.063021626 
     0.062805818    0.00017620456       0.13064285 
      0.16427841      0.036458254       0.29394438 
     0.083913832    -0.0034337272       0.17114852 
      0.17878345      0.028016825       0.33032460 
    -0.025894468     -0.069222730      0.011720914 
     -0.11362988      -0.19026264     -0.033298669 
    -0.041583850     -0.092337167     0.0067045110 
     -0.21357971      -0.38558078     -0.040907493 
     0.033306582     0.0076415248      0.060155776 
     0.022476905    -0.0020238619      0.050018030 
     0.048932015      0.010924200      0.086661515 
    -0.094839345      -0.15703096     -0.032012727 
 -9.9723335e-005     -0.026420694      0.025012730 
     0.048012453    -0.0069473430       0.10400322 
    -0.017419747     -0.046594622      0.012063334 
    -0.035196806     -0.067757101    -0.0027453903 
    -0.047715336     -0.093325317    -0.0013538735 
     -0.16505484      -0.29223175     -0.038833192 
    -0.027981413     -0.069159125     0.0098461369 
    -0.017763578     -0.045362755     0.0074167280 
    -0.010607250     -0.033787604     0.0098478474 
    -0.029437604     -0.055368897    -0.0046536660 
    0.0032086232     -0.012643858      0.020877297 
     0.010874625    -0.0055974529      0.029099408 
  -0.00033015592     -0.019389543      0.018452501 
   -0.0038831058     -0.031297630      0.022204895 
     0.031112670     0.0062666325      0.057247250 
   -0.0012553961     -0.023452999      0.022800206 
     0.022318999    -0.0077885942      0.054692877 
     0.062239066      0.013589868       0.11077310 
     0.044223935     0.0033856255      0.087590751 
   -0.0018421868     -0.040553681      0.035393189 
     -0.35288498      -0.61434227     -0.063705341 
     -0.12946591      -0.23316420     -0.016188154 
    -0.027533111     -0.090902086      0.034176389 
     -0.71966913       -1.3525605      -0.11589919 
     0.033726920     -0.054622348       0.12402569 
      0.12202430      0.018697419       0.22402238 
      0.20622213      0.048619123       0.37048378 
      0.14731059      0.020624026       0.27683210 
     0.065226186    -0.0027353230       0.13940532 
   -0.0024912114     -0.035151713      0.033911751 
  -0.00019283659     -0.027180354      0.028750101 
     0.012602020     -0.010567886      0.037179975 
    0.0094533591     -0.022189864      0.042724297 
   -0.0070532863     -0.033255549      0.017581925 
    0.0039081361     -0.017978393      0.024293560 
  -0.00040019578     -0.022002612      0.020325881 
   -0.0020934290     -0.022056697      0.017606636 
    0.0046237979     -0.022610072      0.029324494 
      0.00000000       0.00000000       0.00000000 
