      
     -0.38451668      -0.64437061      -0.10214953 
     -0.13030148      -0.33820308      0.047203916 
     -0.37813974      -0.60668404     -0.078204241 
    -0.022365350      -0.12135632      0.075589531 
     0.031961421      -0.11748392       0.17944914 
     -0.54082693      -0.93193967     -0.068221732 
      0.10511915     -0.045302264       0.26416206 
      0.11276319    -0.0067322498       0.22285542 
     -0.12388481      -0.41166616       0.13502903 
     -0.10356760      -0.26400470      0.038562775 
     -0.30482149      -0.51941109     -0.081405406 
     -0.21039611      -0.33227899     -0.063529232 
     0.083101461     -0.035457440       0.19987731 
     -0.92811029       -1.7059350      -0.19553364 
     -0.25065219      -0.41418114     -0.065036864 
      0.18843889    -0.0059683558       0.40020398 
     -0.42184772      -0.74296995     -0.031589941 
     -0.73349949       -1.2507427      -0.16540399 
     -0.18232653      -0.31878548     -0.040509310 
    -0.081237256      -0.22715145      0.044214812 
      -1.5740867       -3.0496199      -0.10368212 
      -1.4723737       -3.2858042      -0.21008346 
    -0.054632265      -0.27507747       0.16986223 
     -0.30130027      -0.52092776     -0.054857832 
     -0.14019183      -0.27268879    -0.0077513154 
     -0.14349606      -0.32423827      0.027858534 
      0.10901143     -0.073387003       0.28021334 
     0.032303744     -0.089436541       0.16253197 
     0.059272172     -0.041389184       0.17955948 
    -0.085141903      -0.20382181      0.030342009 
     -0.28093123      -0.47221412     -0.045830352 
      0.25704564      0.040852159       0.43783543 
    -0.057472884      -0.20475286      0.091657142 
    -0.045691162      -0.17485198      0.088239957 
    -0.054529063      -0.17702885      0.068557209 
     -0.25001325      -0.41951976     -0.056242768 
    0.0079947581     -0.092895899       0.12735989 
     -0.25427843      -0.41647995     -0.056592213 
      0.14360477     -0.011910451       0.30085973 
     -0.25856985      -0.43227696     -0.061124778 
      0.12759125  -9.5503003e-005       0.23292437 
     -0.21522205      -0.36988915     -0.029161426 
      0.50989401       0.11542144       0.85716217 
    -0.062181425      -0.16459154      0.038271904 
    -0.010844734     -0.097302592      0.067095969 
      0.15633150      0.019566205       0.28420711 
      0.26642253      0.064066192       0.44034211 
      0.77070679       0.13713431        1.2621152 
      0.48354252       0.13708971       0.81800578 
      0.43316872       0.14520686       0.69144571 
      0.28013165      0.075383515       0.47345847 
      0.13017301    -0.0075293186       0.26012420 
      0.34298873      0.090139398       0.57446894 
      0.40844704       0.12553880       0.64081858 
      0.13093028     0.0065056819       0.25514440 
      0.27000221      0.061669908       0.43518791 
      0.49353746      0.091262143       0.80436387 
     -0.74513293       -1.3632086     -0.049705219 
      0.48775917      0.072272767       0.83630392 
      0.22584988      0.027354024       0.42301317 
     0.039416229     -0.090809132       0.18650886 
     -0.68375172       -1.2257332     -0.086773822 
     0.082419994     -0.050623707       0.22033413 
     -0.10017633      -0.25399456      0.032410050 
     -0.13791629      -0.34437452      0.062679130 
      0.33824755      0.078304383       0.58893069 
     0.096804579     -0.015904531       0.20220109 
     0.098474562    -0.0094136682       0.20000856 
      0.32233685      0.097459888       0.54543426 
     -0.22496287      -0.44183604    0.00076240342 
      0.10696288     -0.037429522       0.24084177 
      0.23638161      0.041224439       0.41909607 
    -0.072794795      -0.21000117      0.071689872 
     -0.15134058      -0.29650071    0.00014950688 
    -0.082592138      -0.21086106      0.031409174 
      0.13740468    -0.0035276997       0.27117032 
     -0.18332952      -0.31621090     -0.035225567 
    -0.086257748      -0.18526938      0.017894823 
     -0.18496033      -0.31335037     -0.023040776 
     -0.63133859       -1.0501159      -0.19430150 
     0.092720215     -0.018088559       0.20113179 
    -0.065128163      -0.15517269      0.033639735 
     -0.39091150      -0.63340683      -0.13404187 
    -0.083392914      -0.17121551   -0.00074322070 
    -0.085942465      -0.20225782      0.025349502 
     -0.42324991      -0.68009579      -0.12832254 
      0.20203832      0.018348371       0.36639126 
    -0.074956743      -0.16999137      0.013262875 
     -0.24167817      -0.43294586     -0.026106133 
     -0.24940010      -0.46115432     -0.011225102 
     -0.60372200      -0.96166789      -0.12553920 
     -0.71611706       -1.1180594      -0.17439491 
     -0.61729898       -1.0110163      -0.12314645 
      -1.7571572       -3.7324014      -0.10958379 
     -0.97051349       -1.9490670     -0.019181227 
      0.69058103      0.042838269        1.3970460 
      0.28323240      0.032068784       0.52012080 
      0.18450145     -0.021806292       0.38883294 
      0.66415160       0.17389272        1.0727218 
      0.16909870     -0.025587524       0.35608401 
      0.19198434    -0.0078056745       0.39418920 
      0.23222035      0.018278358       0.42949850 
     -0.16930277      -0.32223835     0.0035633490 
    -0.069487637      -0.22212973      0.069179624 
      0.42785997      0.090386281       0.71320977 
     -0.61451220       -1.0656345     -0.065704449 
     -0.13403962      -0.24595937     -0.022273510 
      0.00000000       0.00000000       0.00000000 
       
    -0.054089485      -0.13113273      0.020984808 
      -2.0733267       -3.0315065       -1.1697145 
      -1.0458626       -1.6070996      -0.42559431 
    -0.012281488      -0.35891887       0.33107578 
     0.043981839      -0.45873812       0.56459996 
      -1.3584086       -2.1396124    -0.0082295096 
       1.4270169      0.017444365        2.3216898 
      0.73268592     0.0054266813        1.1757926 
      -1.0153724       -1.8706212      0.015516763 
      0.73605704      0.011275894        1.2928527 
       1.1463239       0.31172436        1.8397426 
      0.63683224       0.13158127        1.1089384 
      0.60945273      0.081563810        1.0479015 
      0.11511570      -0.30515033       0.54575447 
      -1.9097737       -3.0922984      -0.87887745 
      0.27728816      -0.32380995       0.97477980 
     -0.60997910       -1.6871800       0.33813926 
     -0.54526009       -1.2482625      0.069205095 
      0.18157975      -0.35415789       0.80224842 
     -0.30172877      -0.95321412       0.26096500 
      -2.2063255       -3.2315958       -1.1912031 
      -1.1498598       -1.8614033      -0.39001880 
      0.32894566      -0.23769128       0.91748757 
      -1.3608684       -2.1891880      -0.52883248 
      -1.6364001       -2.7437706      -0.38592594 
     0.089092425      -0.34261390       0.55506713 
      -1.2939635       -2.3077542    -0.0069484004 
    -0.088325660      -0.45470810       0.24475830 
      0.11252789      -0.14343558       0.48400663 
     -0.72129787       -1.5344570    -0.0027764148 
     -0.49706154       -1.1777574     0.0016620047 
     -0.10784575      -0.40277898      0.085227694 
    -0.075566304      -0.37470900      0.092557978 
      0.34738469    -0.0046863670       0.98212661 
      0.53437456     0.0017647248        1.4063844 
      0.15897380     -0.020241808       0.51293155 
      0.34588448    -0.0028572941       0.90955791 
     -0.17860485      -0.62746475      0.051059424 
     -0.19244332      -0.59832282      0.026331045 
     -0.20641215      -0.63394587      0.018103005 
     -0.14971694      -0.45750829      0.020752380 
    -0.016455759      -0.13740859      0.078967723 
     0.085462380     -0.043847098       0.28401660 
     -0.19698224      -0.60984211      0.028766364 
     -0.17267081      -0.52141206      0.019432520 
   -0.0050909768     -0.099742792      0.061965723 
    -0.054126196      -0.17711854      0.035853976 
     0.068705602     -0.024133684       0.17755259 
    0.0084791158     -0.079292315       0.10509134 
     0.059151720     -0.032376002       0.17652331 
     0.074004572     -0.040649121       0.23100982 
    -0.087625430      -0.29322050      0.062997599 
     0.053174888     -0.078878612       0.19981165 
      0.20732390    -0.0028406832       0.58083779 
      0.45522885     0.0088861548        1.2039611 
      0.56590887     0.0093504350        1.2827494 
      0.65814013     0.0087405324        1.3366847 
     -0.15000189      -0.73204543       0.21838572 
      0.92185815     0.0088889093        1.7931421 
      0.48812990    -0.0074160215        1.0394817 
     -0.51558262      -0.97835855     0.0088957065 
      -1.5106287       -2.5869779    -0.0060944929 
     -0.20474833      -0.59238089      0.063816268 
     -0.56729893       -1.2865838     0.0036992691 
      0.42871306     -0.028764322        1.1815515 
    -0.085624916      -0.50325600       0.26158376 
    -0.023521807      -0.25329136       0.20813119 
     -0.36874914      -0.92144839     0.0012284135 
     -0.11275100      -0.44520972       0.14342483 
     -0.66270301       -1.7625305    -0.0039432074 
     -0.46243947       -1.3838970    0.00016245193 
      0.19209022     -0.068449649       0.70707809 
     -0.26849413      -0.91665308     0.0047907819 
     -0.11127421      -0.34652620      0.026247072 
   0.00049367873     -0.089792494      0.073663503 
     0.063574163     -0.027271441       0.18492052 
     0.070324200     -0.017754881       0.19652347 
     0.076409380     -0.014773742       0.21167021 
   -0.0035555073     -0.079239237       0.10068685 
      0.10732399     -0.010232924       0.29713256 
      0.20539961    -0.0035488623       0.57522855 
      0.22175867    -0.0053810122       0.64302568 
      0.24612446    -0.0076103607       0.72447137 
   -0.0063533771      -0.13182998       0.15036650 
     0.035364828     -0.066683218       0.18475805 
    0.0092634416     -0.081886145       0.14388227 
     0.016555466      -0.11672032       0.15462856 
     -0.13933297      -0.46100863      0.036683666 
     -0.19674046      -0.68782577      0.044096458 
     -0.18204898      -0.60508166      0.052525320 
     -0.10375678      -0.37480505      0.077888288 
     -0.15360467      -0.47009192      0.072829928 
     0.071263421     -0.096442497       0.26897535 
      0.22714043     -0.055160590       0.65865846 
    -0.039181975      -0.27527005       0.24364648 
    -0.052172168      -0.27726964       0.17874319 
    -0.070992865      -0.25952062      0.072776334 
     -0.22008293      -0.64408381      0.020146034 
    -0.085778105      -0.22351749      0.031881345 
    -0.076376340      -0.17037400      0.027964831 
     0.047544594     -0.038805780       0.10086009 
     0.038676887     -0.038047822      0.093462861 
    -0.069081303      -0.12707364     0.0049366795 
    -0.079752183      -0.12853212    -0.0010481946 
     0.017837573     -0.011755645      0.038514234 
    0.0036689093     -0.014970098      0.020139311 
    -0.028662351     -0.050106802    -0.0051610620 
      0.00000000       0.00000000       0.00000000 
       

     -0.16093123      -0.33212053     -0.012596108 
    -0.041785548      -0.11789422      0.019347860 
    -0.064769350      -0.12437517    -0.0079996321 
     -0.14922982      -0.27374315     -0.032174314 
    -0.028707017     -0.088813231      0.022340468 
    -0.036213936      -0.10636205      0.019584769 
      0.12959800      0.014564439       0.25254415 
     0.094883810      0.011379216       0.17613905 
    -0.023059570     -0.090949523      0.036195779 
     -0.23465525      -0.43331138     -0.032599328 
    -0.018945781     -0.064479490      0.023731222 
    0.0028818396     -0.034432048      0.042047256 
  3.2954740e-005     -0.042733619      0.044610762 
    -0.021218446     -0.076152983      0.028474094 
    -0.027585093     -0.073970009      0.020020001 
    -0.042015466     -0.092575390     0.0083351115 
     -0.47779838      -0.91640428     -0.044627958 
     0.070384139     -0.039310966       0.18755440 
    -0.070551715      -0.14298747     0.0011825659 
      0.28764020      0.033613215       0.53526573 
    -0.062962650      -0.16849456      0.034109022 
    -0.058885483      -0.15702177      0.032950819 
     -0.34549002      -0.66035282     -0.040339334 
     -0.17571554      -0.34565451     -0.024878800 
   -0.0025665900     -0.076771632      0.070992535 
    -0.067633696      -0.15455958      0.019889633 
      0.11569069    -0.0031806700       0.24370296 
     -0.20829440      -0.40776749     -0.027898352 
   -0.0058890652     -0.069167942      0.055814457 
    -0.010238937      -0.10396660      0.071937914 
     0.051098300     -0.012925869       0.13043276 
    -0.090244189      -0.17795327   -0.00047696647 
     0.028263363     -0.027764872      0.086595169 
      0.11337441      0.020209412       0.20998031 
     0.070544563     0.0065317841       0.13971311 
      0.15420637      0.032685154       0.27499605 
     0.020828125     -0.018468520      0.061388703 
    0.0010506104     -0.032066962      0.035229536 
    -0.033992235     -0.081502977      0.010106633 
    -0.026991837     -0.063695331     0.0082286680 
    -0.042384893     -0.087690934     0.0017555630 
     0.016574272     -0.018689556      0.057927343 
     0.036092677    -0.0067100681      0.081881699 
     0.056584994      0.010936934       0.10461199 
   -0.0051026335     -0.038323201      0.024406037 
      0.17372426      0.030758077       0.32141691 
     0.040421625   -0.00062042586      0.081749528 
   -0.0028667081     -0.035742778      0.027970888 
     0.074712541      0.012305131       0.13792827 
     0.040262173     0.0034831216      0.079427603 
     -0.10104815      -0.18960585     -0.013315578 
    -0.028454666     -0.064668473     0.0062105308 
    -0.030305861     -0.074550095     0.0086783009 
    0.0072965194     -0.028646954      0.045757599 
    -0.015974641     -0.060237975      0.030742966 
     0.010200232     -0.022139314      0.041648164 
     0.013659201     -0.018316754      0.049121309 
     0.022316307     -0.024429740      0.070730012 
    -0.061284003      -0.14249938     0.0094780491 
      0.11243131     0.0075428784       0.21708371 
    0.0053952568     -0.053005340      0.066044003 
   -0.0029853286     -0.062966898      0.054674171 
    -0.047685190     -0.095861279     0.0014369542 
   -0.0042233876     -0.040447862      0.036409723 
     -0.37534051      -0.70124944     -0.050228819 
     0.081295691     -0.015276322       0.18404902 
    -0.078543360      -0.14703610     -0.010437781 
    -0.034247719     -0.077855967     0.0046948511 
      0.17537267      0.029352983       0.32506528 
     0.053654525    -0.0084472520       0.12224802 
  -0.00035864424     -0.048761571      0.048581564 
     0.079111597    -0.0070567480       0.17899791 
     0.051118972     0.0049227818      0.096092545 
     0.012221974     -0.027113946      0.055455132 
      0.28607218      0.051647061       0.52646136 
     0.052644381    -0.0064676793       0.11419939 
     0.045991202     0.0019606300      0.094635795 
     0.015081647     -0.030589030      0.062189283 
     0.023834981     -0.012554535      0.062791502 
     0.024642087     -0.020641650      0.070791404 
      0.14839191      0.029990842       0.26720880 
      0.11031556      0.011743881       0.21157286 
      0.10698262      0.013787652       0.20539334 
     0.035845376     -0.010233536      0.087354213 
    0.0022875223     -0.053633950      0.059684569 
    0.0092891345     -0.043909391      0.057222478 
      0.13746365      0.010481110       0.26907961 
     0.048199661    -0.0033286927       0.10668975 
    -0.025168319     -0.084129385      0.034157215 
    -0.057956934      -0.13608411      0.010626642 
     -0.16830480      -0.30826053     -0.029729634 
    -0.032296151     -0.095461714      0.027954895 
     -0.15424702      -0.28647865     -0.017094021 
     -0.34103895      -0.57629724     -0.039862426 
     -0.72795503       -1.1902682     -0.089416609 
      -1.3578181       -2.6000448      -0.24152848 
     -0.13613883      -0.30127128      0.010147680 
      0.11333423    -0.0084869932       0.24806262 
      0.19711566      0.026143487       0.36493479 
      0.12677579      0.010110925       0.24720130 
      0.28555780      0.034250311       0.53957494 
      0.23789397      0.035631667       0.45248354 
      0.21461144      0.037721710       0.39668747 
     0.066189838    -0.0040304337       0.14452269 
      0.21882883      0.028153668       0.39863408 
      0.11437463      0.016320821       0.21611138 
     0.043819898    0.00012191131      0.092845302 
      0.00000000       0.00000000       0.00000000 
       

    -0.059097101      -0.25651519       0.13812273 
      0.96807637       0.10862065        1.7550459 
     0.096320622      -0.24918288       0.50958255 
     -0.10173046      -0.45030708       0.22013084 
     -0.32159691      -0.83851966       0.13525399 
      0.91029789       0.11161159        1.6361795 
      -1.2486085       -2.1439326      -0.19991586 
     -0.74399344       -1.2852100      -0.11667770 
      -2.0494071       -3.5273955      -0.34247916 
      0.41652700     -0.036114473       0.90006702 
     -0.14984661      -0.44305610      0.093598855 
      0.51792991      0.038348041       0.92097993 
     -0.24087312      -0.54637644      0.030896610 
      0.71519396      0.082672481        1.2872872 
    -0.086377750      -0.39789859       0.17602849 
    -0.053707359      -0.33510509       0.23567627 
      -3.3020745       -5.7964185      -0.63978054 
      0.81117705     -0.080118148        1.6747131 
     -0.53609530       -1.0491116     0.0083464363 
      0.75209342    -0.0012191020        1.4398107 
     -0.63562898       -1.3475759      0.043060859 
      0.87608359      0.038311917        1.5709467 
     -0.80487880       -1.6081098      0.011352613 
      0.42437029     0.0021674675       0.90618323 
    0.0052688704      -0.26891108       0.26946185 
      0.27289300     -0.072194415       0.72533194 
      0.95024227      0.033688239        1.7959849 
     -0.35803526      -0.89593389       0.10788150 
      0.27310636   -0.00070637116       0.58816884 
       1.0746347      0.045587568        2.0791584 
      0.38055844    -0.0072938154       0.81650284 
      0.67746298      0.023785888        1.3620024 
    -0.033329864      -0.31748820       0.19470698 
     -0.19564548      -0.59920735       0.10808204 
     -0.48986272       -1.1247316     -0.015978365 
     -0.11632282      -0.39469309      0.098708776 
     -0.30481255      -0.74563590   -0.00046586371 
    -0.026867033      -0.21528720       0.12164759 
      0.10962486     -0.052935732       0.33233879 
    -0.016811669      -0.17563897       0.12202883 
     0.060141185      -0.10344741       0.24754736 
     -0.21003524      -0.54857996     0.0062055072 
     -0.18217017      -0.47832916      0.017753284 
    -0.029224585      -0.20529331       0.11121475 
     0.056165568     -0.069453680       0.21677812 
     0.071200802     -0.054390446       0.22739842 
     -0.14907794      -0.39864377      0.012811330 
    -0.066252984      -0.21914520      0.030676924 
      0.11085912     -0.022484245       0.29797151 
    -0.095556245      -0.26108753      0.034498498 
    -0.078854557      -0.24568338      0.043501253 
  -0.00060325488      -0.10184984      0.086325367 
    -0.062458978      -0.19895764      0.052078654 
     -0.10343714      -0.30070078      0.037580568 
     -0.25125582      -0.61926320    -0.0070519263 
    -0.046360299      -0.17398497      0.044585142 
    -0.078032209      -0.22290255      0.018533581 
     0.010720495      -0.12494665       0.16957803 
     -0.34266077      -0.85045747    -0.0095066686 
      0.33580170      0.022339044       0.84473752 
     0.075925241     -0.083842168       0.29120982 
      0.32661069     0.0030059630       0.78582114 
     0.046651691     -0.078977207       0.21605113 
      0.18124041    -0.0053129423       0.44397168 
     -0.25437123      -0.68877971      0.024227997 
      0.50470086      0.034272439        1.1946441 
      0.19304909      0.014547560       0.42079794 
      0.10039585     -0.032020621       0.29730799 
     0.068903707      -0.12178857       0.28713464 
      0.45396657      0.027030758        1.0137710 
      0.44896571      0.025795701        1.0005523 
     -0.53010355       -1.3770290     0.0069139463 
    -0.026811353      -0.18709962       0.12302059 
      0.14416614     -0.010367002       0.37026005 
     -0.14242690      -0.40020487      0.034455899 
      0.21567107      0.010743226       0.52156194 
    -0.048978009      -0.16352779      0.032266811 
    -0.075745780      -0.20424761      0.016497157 
     0.029731908     -0.056577535       0.13793344 
     -0.17969143      -0.40955670     -0.013031992 
     -0.13883135      -0.33210124     0.0089677060 
    -0.036626912      -0.20785597       0.11789152 
     -0.31048837      -0.71340986     -0.014956347 
     0.025964103      -0.11569609       0.17563706 
     0.065272272     -0.081189270       0.23972737 
   -0.0077788469      -0.17573253       0.18011542 
     -0.67816982       -1.3555222     -0.035442539 
     -0.18302598      -0.43519979      0.021948485 
     -0.44762707      -0.86559070     -0.029648523 
     -0.48944153      -0.92917719     -0.032543138 
     -0.67276105       -1.2147253     -0.076259974 
     -0.43453881      -0.92185917      0.015749514 
      -2.7934344       -4.5058815      -0.79912330 
       1.5296403       0.31345524        2.6100509 
     0.055340319      -0.62507920       0.73846762 
       1.8745517       0.64150671        2.7980459 
       1.5147397       0.56771949        2.3384771 
       1.4611588       0.50608082        2.3040385 
       1.4463670       0.35778017        2.3696340 
       1.2939859       0.26190662        2.3690491 
      0.54362819      -0.10404604        1.2504784 
       1.2618297      0.029759038        2.2962747 
      0.84016318     -0.020685606        1.7494023 
      0.18767938      -0.18416333       0.69494053 
      0.23438088     -0.061066281       0.66638335 
     0.065341370     -0.065006149       0.23551821 
    -0.036271002      -0.10171011      0.032840655 
      0.00000000       0.00000000       0.00000000 
      

     0.058592972     -0.035493340       0.15005001 
   -0.0017169786      -0.14460342       0.12336382 
     -0.19343760      -0.47127186    -0.0086335841 
     -0.20005909      -0.49426245    -0.0050425144 
    -0.086923487      -0.26167588      0.052597907 
     0.059154333      -0.10225652       0.24542403 
     0.079399309     -0.031846763       0.23226316 
    -0.054418250      -0.17018129      0.030727260 
      0.56236340     0.0080462657        1.3824326 
     -0.15409162      -0.34738403    0.00080024157 
      0.20378218     0.0067088831       0.46226448 
    -0.076788637      -0.18379192     0.0066453959 
      0.20123508     0.0042176378       0.45208018 
      0.18388595     0.0041514369       0.42406789 
     0.013773821      -0.10560013       0.12948375 
     -0.17335742      -0.42049278      0.014890566 
     -0.19902237      -0.50193595      0.034467143 
      0.24940569     0.0062513511       0.58355036 
      0.27874195     0.0043788247       0.69648855 
      0.17255452    -0.0069036093       0.43331902 
    -0.064548814      -0.22308258      0.082723831 
     -0.36301509      -0.82612184     -0.011132764 
     0.049772261     -0.078035551       0.19637067 
      0.16411160     0.0022188664       0.35950373 
     0.040263520     -0.067154980       0.16354439 
     -0.22366634      -0.47439809    -0.0078615055 
      0.17236595    0.00078349709       0.37080019 
     -0.10335686      -0.22254301    -0.0035627135 
    -0.064789270      -0.18154028      0.031048077 
   0.00087409752     -0.064623278      0.076036935 
     -0.18019981      -0.37659525    -0.0075988371 
     -0.16777506      -0.36670722    -0.0018496018 
    -0.040116971      -0.15132531      0.066587198 
    -0.084494751      -0.21361097      0.026179869 
      0.17764031     0.0046476657       0.37966332 
    -0.035672462      -0.15456670      0.068050241 
      0.27776357     0.0098243049       0.58973625 
   -0.0088629688      -0.11465509      0.089275235 
     -0.23908636      -0.53329253    -0.0066786196 
     -0.12447841      -0.31496368     0.0019708742 
     -0.25019220      -0.61665453    -0.0036291514 
     -0.31432841      -0.76934487    -0.0083573555 
      0.28981595     0.0097735958       0.64362550 
     -0.14021660      -0.33264743   -0.00032593161 
     -0.14224279      -0.31902696    -0.0041002756 
      0.11203397    0.00081274428       0.24703244 
    -0.076704035      -0.19914748      0.013967384 
     0.040480816     -0.039008617       0.12424052 
      0.30290629     0.0087454347       0.65333944 
    -0.068987920      -0.15900537     0.0059207493 
     -0.13873314      -0.29667641    -0.0043555748 
     -0.17850705      -0.38635299    -0.0045902705 
      0.15502057     0.0026287979       0.32690316 
    -0.079933555      -0.20083184      0.019193585 
    -0.027566536      -0.12215443      0.055530726 
    -0.028007847      -0.12598517      0.058686208 
      0.19366755     0.0068612640       0.40905394 
     0.021301180      -0.12426731       0.17537080 
      0.20539171     0.0047051866       0.43082959 
     0.033343715     -0.062109537       0.14012335 
     0.058316763     -0.020055529       0.15548331 
     0.034456718     -0.052332786       0.13559325 
     0.017971980     -0.056672298       0.11261526 
    -0.071347981      -0.20476180      0.035230220 
     -0.21210636      -0.45429130    -0.0022595100 
     0.082074449     -0.011412902       0.19886087 
      0.12240649     0.0030520751       0.25974624 
      0.14075221     0.0030807100       0.30830249 
    0.0044263764     -0.066755486      0.081778064 
     0.092131033     -0.010064895       0.22323794 
    -0.089512810      -0.22090387     0.0083554415 
    -0.094153482      -0.23852753      0.041929637 
    -0.029209122      -0.10824874      0.039273462 
   -0.0094993311     -0.084616337      0.062086777 
    0.0060089313     -0.073744692      0.088824257 
    -0.049583765      -0.14191947      0.031330304 
    -0.038262853      -0.10342503      0.019380060 
   -0.0041488527     -0.063970119      0.059066608 
    -0.051734313      -0.12272700     0.0065031386 
    -0.061932020      -0.14093290     0.0021016582 
     0.054502913    -0.0046323733       0.13074403 
     0.092032612     0.0011995170       0.19961471 
     0.092301538     0.0022944581       0.19665123 
    -0.063414861      -0.14342999     0.0015326434 
    0.0082408998     -0.067944209      0.075666684 
     0.046053798     -0.028119262       0.13177471 
      0.19168177     0.0054002689       0.38530159 
     0.030418717     -0.034845603       0.10138035 
     0.011480820     -0.075480354      0.093558841 
      0.21257436   -0.00078541137       0.45260424 
     0.032101041     -0.059066372       0.11808132 
     0.036333157     -0.058218403       0.13526022 
      0.20055894     -0.016815416       0.46792119 
     -0.44354546       -1.0223957    -0.0072725222 
     -0.23623368      -0.67005867       0.11868196 
    -0.045868546      -0.24172108       0.11507177 
   -0.0089010417      -0.13446598       0.12213137 
     0.032161865     -0.065571446       0.13979707 
     0.081471882     -0.017693163       0.20375500 
      0.19150133     0.0023833809       0.41461514 
     -0.10373690      -0.25492345      0.011944007 
     0.078875477     -0.015864289       0.20195096 
     -0.17261210      -0.35777905    -0.0051625165 
     -0.10627295      -0.22624035    -0.0037760883 
     0.051411134     -0.033011649       0.15260042 
      0.12734731     0.0051529747       0.26024043 
     -0.10351266      -0.21485401    -0.0072479845 
      0.00000000       0.00000000       0.00000000 
       

      0.58168465      0.082142897        1.0364327 
     -0.69048069       -1.5588628     -0.022313263 
     -0.38278550      -0.73758247     -0.032217438 
     0.046680442      -0.15194425       0.23231998 
      0.23683594     0.0021436578       0.51055982 
     -0.31899202      -0.69876187     0.0057375070 
     0.096464043     -0.089748414       0.29634000 
     0.076876132     -0.065861447       0.21860903 
      0.42785218      0.011410006       0.89348464 
     -0.36374259      -0.87323196      0.028376114 
      0.79218112      0.021360992        1.6664472 
     -0.20446766      -0.50208446      0.033673999 
      0.23416845     0.0010150442       0.47781126 
      0.22778004      0.015352896       0.44644876 
     -0.29445590      -0.60966392    -0.0070833761 
      0.14548721     -0.017986314       0.36255596 
       2.5793691      0.016374668        6.3044628 
      0.98474643      0.056630253        2.0055583 
    -0.016309114      -0.29222469       0.25279285 
     -0.49288495       -1.0214325     -0.010344669 
     -0.64253756       -1.2849776     -0.028728200 
    -0.096889890      -0.26717826      0.051823683 
       1.9008954      0.025442372        4.5823896 
      0.67073255      0.029629772        1.4015893 
     -0.20251761      -0.59054718       0.15144441 
    0.0086014059      -0.22834281       0.24195100 
      0.25180124      -0.12270495       0.72341508 
     -0.13252436      -0.46911391       0.15062053 
      0.17546789     -0.082312892       0.46816461 
     -0.28769016      -0.69416089      0.042704754 
     -0.28809093      -0.63537201      0.032473649 
     -0.30241774      -0.69396870      0.040975451 
      0.26110065     -0.067730429       0.66299336 
     -0.17346223      -0.51742851       0.12418524 
      0.12223702      -0.11317879       0.41522433 
     -0.69952601       -1.4967020    -0.0019735059 
      0.32040796     -0.021461948       0.72371224 
    -0.091942115      -0.28341865      0.066896950 
      -1.8136760       -4.4697761     -0.048464718 
     0.041170926      -0.21331619       0.26965135 
     -0.14116841      -0.36871651      0.063168466 
     0.019194537      -0.16957650       0.20909721 
      0.58618516      0.018944152        1.2084067 
     -0.11873249      -0.34507470      0.079203492 
     -0.28536401      -0.56598443     -0.013171842 
     0.080116119      -0.11798425       0.29472340 
     0.086376763     -0.087746090       0.27255731 
      0.25742195     0.0037121942       0.53081620 
     -0.12886602      -0.39121087       0.10937295 
    -0.040861225      -0.22709389       0.15446091 
    -0.014433236      -0.15763746       0.14278149 
      0.12011956     -0.052154715       0.31963742 
      0.25501284     0.0046771589       0.53826295 
      0.20971128     -0.021682965       0.46677621 
      0.38381450      0.018520216       0.79419626 
      0.60924020      0.027636038        1.2399009 
      0.40025223      0.017329578       0.80730581 
      0.37803414     0.0080719596       0.81878240 
       1.4063063      0.016361833        3.1758200 
     -0.39959275      -0.98658600       0.14119072 
    -0.064746525      -0.29588771       0.12902585 
     -0.46620177      -0.92825816     -0.015960732 
    -0.083651630      -0.25746277      0.063678152 
     -0.14859742      -0.39645047      0.058429590 
      0.60610127    -0.0050917584        1.3543029 
      0.68034222      0.033331177        1.4213325 
      0.55825412      0.050446419        1.0796493 
    -0.010546652      -0.18765128       0.17203744 
     -0.46511499      -0.93669508     -0.021545108 
     -0.14173494      -0.32249495     0.0089805450 
     -0.67618206       -1.3485623     -0.040474055 
    -0.064727969      -0.23072430      0.095859686 
     -0.26507401      -0.53081691     -0.015185071 
     -0.74426019       -1.4398572     -0.043781918 
     -0.20939285      -0.43530324     -0.012553949 
     -0.44374394      -0.90073183     -0.017460651 
     -0.26548302      -0.53271518     -0.017242118 
    -0.078906229      -0.27275704       0.10199421 
     -0.45402404      -0.89900828     -0.015356975 
   -0.0051506861      -0.20004705       0.21196463 
      0.10913179     -0.077367679       0.34372561 
     -0.17571787      -0.45079916      0.031865393 
     -0.19329161      -0.48101965      0.050845887 
     -0.39188933      -0.80930987     -0.013062019 
     -0.17160378      -0.43714772      0.075226612 
      0.13549880      -0.12816935       0.38528365 
     0.090071042      -0.11298529       0.34429809 
     -0.21675521      -0.53021328      0.048876692 
     0.070317927      -0.17418821       0.35907628 
      0.27499159     -0.043661046       0.65717547 
      0.56673134    0.00019901773        1.1723759 
     0.034395788      -0.23116413       0.26816289 
      0.13986607      -0.21758449       0.51246918 
     0.024219748      -0.30196224       0.35971214 
       2.9993968      0.026777306        7.4450132 
       2.7598404      0.055117184        6.3269453 
       2.8518552       0.14389070        6.0131194 
      0.51655648      -0.24505001        1.4383235 
      0.44598653      -0.34181825        1.4081496 
     -0.38336391      -0.96048416       0.16486939 
      -1.2593970       -2.8904568    -0.0039036279 
     -0.28457162      -0.69070661      0.075153017 
     -0.37218094      -0.86725740      0.075619820 
     -0.15223439      -0.43984302       0.10089683 
    -0.016907305      -0.25238182       0.21751984 
     -0.21734989      -0.52560968    0.00058591551 
      -2.9058659       -6.9787802     -0.065848996 
      0.00000000       0.00000000       0.00000000 
       

     -0.22487538      -0.45410870     -0.022056636 
     -0.13749911      -0.83878226       0.47318768 
    -0.010887387      -0.43351912       0.43865320 
     -0.70551429       -1.3244735     -0.042160340 
      -1.0124551       -1.9966395     -0.071115656 
     0.095744573      -0.45006718       0.77935458 
      -2.3617932       -5.3219064     -0.070535852 
     -0.25544357      -0.56592182     -0.018196589 
      0.26748259      -0.15697781       0.93801931 
     -0.46822035       -1.2561717      0.043475805 
    -0.037595394      -0.32878013       0.18488522 
     -0.29685628      -0.72449915     0.0078100836 
     -0.23545357      -0.60628874      0.014578819 
    -0.026084026      -0.26882770       0.20501723 
      0.49386441      0.022331779        1.1966448 
      0.20056336      -0.11670692       0.56820313 
       1.6840162      0.068088522        3.6955520 
     -0.56710797       -1.5792591       0.11725176 
     -0.55505100       -1.3716216      0.050432892 
     -0.24815133      -0.92730271       0.20019966 
       2.1440975      0.079062071        4.4726765 
       1.1444025      0.063174877        2.2214641 
      0.42058075     -0.060332842        1.1261465 
      0.23859071     -0.088427235       0.63580815 
      0.51182836      0.030812920        1.0561563 
     -0.18867854      -0.72921172       0.19871272 
     -0.14371159      -0.67389463       0.27927609 
    -0.096689892      -0.54896905       0.32201714 
     -0.86237425       -1.7657029     -0.049249218 
     -0.38491856      -0.90294593     0.0016993610 
     -0.50111199       -1.0099510     -0.043586491 
      -1.2496757       -2.3428145     -0.085246091 
     -0.10167020      -0.51548729       0.29522450 
      -1.9171109       -3.6357130      -0.13914389 
      -1.7791749       -3.6112129      -0.10833548 
     -0.35524127      -0.69896280     -0.037281888 
     -0.41335403      -0.87804718     -0.034870625 
     0.070589978      -0.13770685       0.36340939 
     -0.15311612      -0.40598970      0.019492726 
     0.068374545      -0.11765425       0.29234713 
     -0.13273351      -0.33361518      0.039486788 
     0.061714442     -0.093956329       0.22239049 
   -0.0094251125      -0.20185470       0.19524491 
      0.14667860     -0.085845811       0.44024977 
    -0.062368814      -0.23583174       0.12210946 
     -0.19467726      -0.49329453      0.044704040 
      0.14836839     -0.083957610       0.45433783 
     -0.17931989      -0.46648840      0.024753927 
     -0.20139290      -0.47589536      0.020190256 
     -0.19420479      -0.44808203    -0.0048307984 
     -0.35007783      -0.81936385     -0.011154075 
     -0.11794353      -0.32359456      0.039650862 
     -0.47300558       -1.0968362     -0.035180348 
    -0.092829594      -0.28354172      0.033636732 
     -0.14572219      -0.38986730      0.024587998 
     -0.31380151      -0.72179104     -0.021685818 
     -0.30072247      -0.72939803    -0.0068215538 
      0.18689475     -0.080146535       0.54876091 
     -0.19869813      -0.62227762      0.082165974 
     -0.22596670      -0.63277866      0.028203906 
      0.27655436     -0.030232221       0.71882340 
      0.43247551    -0.0030636869        1.0617780 
      0.28046060     0.0042792286       0.64266718 
       1.0305588      0.064508078        2.2417011 
      0.62015846      0.038568311        1.3045695 
     -0.34267355       -1.0028038       0.10286185 
      0.29685452      0.010644794       0.64347154 
      0.33074998    -0.0025330561       0.72023868 
     -0.87370023       -1.7475506     -0.027242780 
     -0.13989855      -0.65255657       0.27148365 
    -0.010506622      -0.40730951       0.40376125 
      -3.9631299       -6.7834877      -0.70268613 
     -0.65107215       -1.1953147     -0.084602483 
      -2.3828112       -4.0007809      -0.66988568 
     -0.21800663      -0.73197366       0.24390802 
      -2.7153129       -5.0082875      -0.44520943 
      -1.7578236       -3.2343335     -0.074118736 
     -0.54452280       -1.0614436     -0.026247873 
     -0.24956040      -0.58404545      0.012550952 
     -0.28757999      -0.63530909    -0.0057013279 
     -0.26389604      -0.63763238     0.0046926100 
     -0.13678606      -0.43090450      0.060813433 
     0.088439198     -0.077223412       0.31597392 
      0.15659014     -0.028886887       0.40844314 
      0.33638485    -0.0010889215       0.79480960 
     -0.19037060      -0.57260137      0.091892342 
      0.29067068     -0.019684214       0.70418816 
      0.57765929      0.045049531        1.1722653 
       1.2761864       0.14699022        2.4466086 
       2.3491998       0.55813121        3.8939164 
       2.6973796        1.0211029        3.8929859 
       3.8175425        2.7879135        4.9260129 
       8.0741122        6.8194511        9.1489453 
       2.7427438        1.2455317        4.2670565 
       6.2603111        3.7457760        8.6354622 
     -0.62420366       -1.8968291       0.53827456 
     -0.37224478       -1.1826477       0.36118079 
     -0.75694279       -1.3958926     -0.067662023 
      -2.7009280       -3.9617063       -1.0165553 
      -1.5428242       -2.4345574      -0.55065191 
      -3.3093420       -5.3841963      -0.90370971 
      -5.1870574       -9.3110476      -0.43841425 
     -0.82562508       -1.5780231     -0.039514678 
    -0.073920733      -0.34005047       0.14838720 
     -0.36289801      -0.86993211    -0.0088375088 
    -0.034027115      -0.11860136      0.045243425 
     0.064698700     0.0027681105       0.11797404 
      0.00000000       0.00000000       0.00000000 
       

      0.26107267      0.045632397       0.47389005 
    -0.045372706     -0.071592014     -0.017833618 
    -0.018180109     -0.048960317      0.012589095 
     -0.21506568      -0.38681857     -0.032317506 
      0.19553937      0.043198110       0.35439338 
     -0.21124043      -0.35750092     -0.062557824 
     0.086324301      0.025277046       0.14361568 
     0.081825926      0.012949172       0.14601461 
     -0.20920943      -0.35105929     -0.054646561 
     -0.21549931      -0.40176037     -0.036886478 
     0.043173668      0.016054988      0.070961455 
     0.016748200     -0.011118099      0.048293565 
     0.044915551  -5.9254354e-005      0.087630803 
      0.18332361      0.037880987       0.33312923 
    -0.018252614     -0.064390205      0.024457279 
    0.0042966609     -0.038830079      0.047329168 
    -0.010920251     -0.044967483      0.018310047 
    -0.054246044      -0.10151533    -0.0054565204 
     0.015591031     -0.012009944      0.045741017 
     0.055557072      0.011839117      0.098620317 
    -0.041238740     -0.077421188    -0.0064205385 
     -0.16884475      -0.29455054     -0.029902973 
     0.080133081      0.030317435       0.13234399 
     0.044052393     0.0027941233      0.082106849 
    -0.093956737      -0.15400402     -0.029793591 
     0.026317609     0.0067885035      0.048275547 
     0.041763729     0.0090037362      0.074693807 
    -0.023634236     -0.047279555    -0.0024930009 
    -0.038076394     -0.067774308    -0.0075105242 
     0.036238155      0.012117616      0.060524287 
    -0.030751735     -0.055188700    -0.0048546743 
     0.027535920     0.0013549485      0.055175496 
    -0.073271454      -0.12605644     -0.021395846 
    -0.014504838     -0.040866196     0.0076823036 
     0.066550709      0.019806503       0.11014904 
    -0.013941291     -0.043027897      0.014728831 
     0.030146989     0.0015349668      0.061452879 
     0.020823081     -0.013022757      0.053775593 
     0.036188470     0.0045289369      0.067810236 
    0.0019467060     -0.020550398      0.024019515 
     0.040105256     0.0083231036      0.073581342 
    -0.017561425     -0.040564521     0.0053433742 
     0.014443426    -0.0011017690      0.031791714 
   -0.0066928506     -0.023032261     0.0085324698 
    -0.019151751     -0.036570338    -0.0021108672 
    -0.029594226     -0.053396448    -0.0051289475 
   -0.0033892015     -0.019455146      0.012563812 
  -0.00017239608     -0.018306065      0.018152190 
    0.0099513420     -0.013554306      0.034951188 
     0.028971645    0.00041393490      0.062261275 
     0.069632790      0.016378905       0.12044059 
     0.059333451     0.0060300774       0.10948705 
     -0.29067020      -0.50393907     -0.071313439 
     0.041239875     0.0093994605      0.074728360 
    -0.039368570     -0.072437257    -0.0060098831 
     0.045827235      0.014058677      0.079264629 
    -0.020474190     -0.051898980      0.010833483 
     0.010896680     -0.030829053      0.050311908 
     0.087461337      0.019617980       0.15213268 
     0.032701362    -0.0098800561      0.076257113 
     0.099709582      0.019935914       0.18261301 
    -0.073842031      -0.12183356     -0.021089860 
     -0.13919968      -0.24197518     -0.034307425 
    -0.011509360     -0.073227993      0.043652719 
     -0.30348949      -0.55885221     -0.051463716 
     0.024889036    -0.0068305175      0.057395721 
     0.016074802     -0.010359509      0.043573591 
     0.033421099     0.0027043866      0.065323337 
    -0.078345065      -0.12996971     -0.022114804 
    0.0077996649    -0.0086756408      0.025618494 
     0.047635334     0.0071340139      0.088708510 
    -0.017911820     -0.043569888     0.0073810910 
    -0.019958017     -0.049226492     0.0081144509 
    -0.043548939     -0.085383357    -0.0028902795 
     -0.17539622      -0.31481291     -0.043397795 
    0.0080559751     -0.015833290      0.030732630 
    0.0041081600    -0.0098181240      0.020149616 
    -0.013609114     -0.030878941     0.0030077732 
   -0.0048645082     -0.020868915      0.011687000 
    0.0088525149     -0.011577691      0.030763531 
     0.012608473    -0.0058167590      0.031382822 
    0.0066345378     -0.012971412      0.026768816 
    0.0010335608     -0.026755306      0.029896386 
     0.035435928     0.0043252637      0.068278328 
     0.042562434     0.0046772838      0.078383359 
     0.028902925    -0.0055701622      0.069393183 
     0.060381505      0.013039216       0.10780633 
     0.045910365     0.0016673461      0.092589816 
    -0.010135171     -0.064294389      0.040207145 
     -0.48004537      -0.84932270     -0.099929562 
     -0.17598860      -0.31823723    -0.0074895270 
    -0.042421915      -0.12381084      0.031871749 
     -0.69526474       -1.3544833     -0.082432699 
      0.11605999      0.026644501       0.20765529 
      0.18062720      0.027098108       0.33194925 
      0.16492104      0.014256884       0.31171556 
     0.091614082    -0.0050043352       0.20409039 
     0.037770168     -0.030504401       0.11405287 
   -0.0080361266     -0.053088291      0.038897417 
  -0.00044195035     -0.038538247      0.033819556 
     0.020300010    -0.0032209281      0.047226814 
     0.018396314    -0.0045807599      0.044524734 
    -0.017838819     -0.042461417     0.0056911553 
    -0.018294178     -0.039608521    0.00014092092 
    0.0075783873     -0.012824642      0.029199458 
     0.011931467    -0.0056529733      0.030982836 
     0.022039489    -0.0085887568      0.056244084 
      0.00000000       0.00000000       0.00000000 
