    -0.025249422      -0.62808658       0.60741525 
      0.21862300      -0.40580062       0.83006375 
    -0.097382639      -0.72999923       0.50495188 
      0.12209326      -0.51093895       0.72665004 
     -0.22144119      -0.84746260       0.40877815 
     -0.41539705       -1.0407566       0.23554795 
    0.0011239198      -0.57261093       0.64726777 
     -0.10692584      -0.70984232       0.49939892 
     -0.31820391      -0.99547397       0.26936174 
      0.14137596      -0.47221292       0.76369073 
     -0.44817475       -1.0481377       0.15475691 
     -0.14077388      -0.72939163       0.46960637 
    -0.020818324      -0.63097485       0.59799462 
     -0.46281592       -1.0475690       0.17910484 
     0.053443890      -0.54994597       0.64537771 
      0.12915247      -0.49928954       0.73106088 
     -0.32071460      -0.96095786       0.25330996 
     -0.59444456       -1.2308498      0.011439441 
    -0.084586922      -0.70161891       0.52303756 
     -0.35292185      -0.97487817       0.25344468 
     -0.64757009       -1.2856694     -0.039484180 
    -0.047749039      -0.62833138       0.59277595 
    -0.014881578      -0.59551523       0.63726411 
    -0.092894041      -0.68391994       0.56515071 
    -0.067925412      -0.66256956       0.54957258 
     0.087890011      -0.53907967       0.65565823 
     0.087299668      -0.52348166       0.69123605 
      0.31543886      -0.28708371       0.94203341 
      0.11994759      -0.52359823       0.71373871 
    -0.049188265      -0.67881132       0.52615765 
     -0.10336610      -0.73050530       0.49957484 
      0.18545189      -0.44317487       0.82269646 
    -0.085148787      -0.73886505       0.48316638 
    -0.097164948      -0.74619222       0.46266922 
    -0.097551909      -0.71598935       0.51388036 
     -0.25303817      -0.86340887       0.36932874 
     -0.11440726      -0.74076308       0.52036944 
     0.059926054      -0.58988726       0.64927047 
      0.38338023      -0.25697979       0.96586874 
    -0.021599931      -0.61100745       0.59977673 
      0.38484196      -0.26035179       0.99218985 
     -0.10880652      -0.74777373       0.47692643 
     0.023053290      -0.60758959       0.61583454 
     -0.17536679      -0.77515534       0.45779981 
     0.078603713      -0.53005254       0.67122140 
    -0.085289309      -0.71213527       0.49572201 
      0.36115543      -0.20297751       0.98206109 
      0.38763633      -0.22090803       0.99129641 
      0.22927460      -0.39742929       0.83674018 
      0.54516367     -0.063178219        1.1952226 
      0.52623872      -0.13909210        1.1150484 
      0.27626134      -0.33881777       0.88669040 
      0.24280564      -0.40173081       0.83629893 
      0.37655554      -0.24567711       0.99736671 
     0.052133607      -0.51888639       0.67485245 
      0.12131436      -0.51986827       0.69307104 
      0.24144152      -0.36463097       0.84435068 
     -0.43962943       -1.0632918       0.18485921 
      0.42862507      -0.18593753        1.1010523 
      0.20588308      -0.41810368       0.81491456 
      0.16992998      -0.44637679       0.77428957 
     -0.18058835      -0.78710166       0.41019366 
      0.23376417      -0.36184481       0.85426409 
    -0.031334586      -0.60904678       0.61978307 
      0.16773536      -0.43344564       0.78700312 
    -0.026560936      -0.65205604       0.57435964 
     -0.19569521      -0.77970564       0.43347354 
     0.015050077      -0.57028214       0.62639930 
      0.10155956      -0.50201096       0.69490134 
     -0.16493848      -0.77342588       0.45039661 
      0.41256358      -0.20790321       0.99876574 
      0.35147264      -0.23014425       0.98424057 
    -0.053672718      -0.65743516       0.55269521 
    -0.018384138      -0.65154231       0.56756661 
    -0.025981137      -0.65355138       0.58359475 
      0.18467961      -0.44080411       0.78770243 
   -0.0063926373      -0.61445159       0.58064109 
    -0.027942794      -0.60063719       0.59473203 
     -0.17172529      -0.75282043       0.45919810 
     -0.30887796      -0.91706617       0.29886062 
     -0.12225983      -0.69861329       0.48893676 
     -0.15466819      -0.75099635       0.46888285 
     -0.42145574       -1.0236718       0.19762103 
    -0.064203839      -0.66046735       0.54687148 
     -0.39508590       -1.0066084       0.24416110 
     -0.17114995      -0.75818220       0.42325115 
    -0.049509010      -0.61956320       0.55896833 
     -0.10352824      -0.68109021       0.51855927 
     -0.26521015      -0.86970944       0.31021357 
     -0.56004819       -1.1379433      0.023341803 
     -0.52861696       -1.1175961     0.0072997205 
     -0.55808698       -1.0946506      0.055898950 
     -0.70794686       -1.2841535      -0.12707069 
     -0.35364077      -0.91719935       0.20518404 
     -0.31733824      -0.89562830       0.21120970 
      0.35702492      -0.15773727       0.91091229 
     -0.24853893      -0.77063496       0.27900511 
     -0.43251346      -0.96769462      0.067128324 
    -0.016506384      -0.53078095       0.49633434 
    -0.039631029      -0.53262573       0.46030704 
      0.21020535      -0.31888087       0.75128692 
    0.0020323116      -0.68154907       0.67903522 
       -1.1211071       -2.6711936       0.36765075 
      -1.8486337       -3.3069452      -0.26866954 
     -0.70216363       -2.2263841       0.81464520 
      0.39649338       -1.1489460        1.8636054 
     -0.52017414       -2.0223981        1.0231424 
      -1.3851210       -3.0285562       0.19175288 
       1.5284448     -0.062813542        3.1304678 
      0.70929304      -0.85464135        2.1431976 
     -0.24637770       -1.8162367        1.3107437 
      0.71658351      -0.78817618        2.2554059 
      0.87670294      -0.60862101        2.3916050 
      0.70631134      -0.84330284        2.1750577 
       1.0311700      -0.55345497        2.5411676 
      0.39422760       -1.1863361        1.8929878 
     -0.61022057       -2.1917015       0.91635299 
      0.91454063      -0.63018824        2.4669820 
     -0.55879128       -2.0755231        1.0158411 
      0.48121956       -1.0037171        1.9714049 
      0.95093901      -0.57845768        2.5875332 
     -0.33615529       -2.0386304        1.1426401 
      -1.8999395       -3.4109878      -0.29259845 
     -0.93604127       -2.4669116       0.65589690 
      0.80285955      -0.75390602        2.3348441 
     -0.80314573       -2.3625109       0.70261394 
     -0.94029052       -2.4645842       0.59504299 
     -0.12623808       -1.7217547        1.2939708 
      -1.0788916       -2.6101519       0.55810325 
    -0.031101282       -1.5762978        1.4494197 
      0.12429304       -1.4847413        1.5628589 
      -1.0249358       -2.5212981       0.57641051 
     -0.32536307       -1.8450502        1.2773892 
      0.36814173       -1.1174486        2.0042432 
    -0.062892180       -1.6297049        1.5979450 
      0.97049239      -0.53182623        2.5289244 
       1.1654338      -0.45294684        2.6230987 
      0.16521131       -1.3893075        1.7080813 
       1.1005415      -0.44005581        2.7986111 
     -0.30418984       -1.7846624        1.3183942 
    -0.076081463       -1.7029089        1.4922894 
     -0.40634830       -1.9359285        1.1031678 
    -0.024332736       -1.5624902        1.5271123 
      0.19653028       -1.3140614        1.7476328 
      0.89218452      -0.72745306        2.4142837 
     -0.40046126       -1.9711109        1.1446600 
     -0.13439825       -1.6519427        1.4057443 
      0.48299751       -1.1021975        1.9797495 
     0.048930643       -1.5290577        1.6292395 
      0.85454701      -0.69612222        2.4588616 
    -0.064721113       -1.6489589        1.4090917 
      0.25322707       -1.2202782        1.8624144 
      0.52740833       -1.0662418        1.9805864 
     -0.18625410       -1.6527295        1.3902061 
      0.71056866      -0.84169040        2.2372150 
      0.39117775       -1.0929951        1.9943525 
       1.1083972      -0.44409705        2.6246030 
       1.4223715     -0.044400896        3.0433858 
       1.1622448      -0.43318117        2.6693624 
      0.11768907       -1.5188374        1.5557324 
       1.8851548       0.38955929        3.5618435 
      0.40830532       -1.2230382        1.9098306 
     -0.75053979       -2.4348814       0.72830892 
      -1.2287686       -2.7984814       0.31201104 
    -0.087663466       -1.6008172        1.4094116 
      -1.3784691       -3.0317164       0.10362694 
      0.35096434       -1.2466154        1.8285123 
     0.059140569       -1.5798167        1.5147473 
     0.085593651       -1.4674270        1.6992007 
     -0.58190611       -2.1784981       0.97141236 
     0.090733418       -1.4645205        1.6248568 
      -1.3349844       -2.9254309       0.13586377 
     -0.69985388       -2.3019807       0.88498668 
       1.6068441      0.016785615        3.1943701 
     -0.67522668       -2.3451365       0.84600753 
     -0.22902395       -1.8495461        1.2865765 
     -0.24187141       -1.9549130        1.2898051 
      0.20354370       -1.3987452        1.7431305 
    0.0089651587       -1.5145411        1.6036610 
     -0.15501130       -1.6102173        1.4878957 
     -0.19160949       -1.7231273        1.3778364 
      0.54785281       -1.0099201        2.0662919 
      0.57884741      -0.97674002        2.2060535 
      0.95559941      -0.65868059        2.5101762 
      0.54960268       -1.1001002        2.0719256 
      0.44128204       -1.1177628        2.0901505 
      0.60308592      -0.91404648        2.2469695 
      0.69844349      -0.85924073        2.2804267 
      0.75616174      -0.78690880        2.3924942 
     -0.43504171       -1.9817672        1.2022778 
     -0.87266740       -2.3294222       0.85347846 
     -0.99982159       -2.6458167       0.53500643 
      -1.1960364       -2.7816526       0.40633552 
      -2.1986036       -3.8616535      -0.59852632 
      -2.0099756       -3.7243836      -0.31018533 
     -0.45588273       -2.1355758        1.2067931 
      -1.1271400       -2.8670183       0.57561660 
       1.2849646      -0.27415436        2.9784404 
       1.0139941      -0.56621337        2.6560287 
      0.27668622       -1.3452949        1.9284214 
       1.1519887      -0.55806139        2.8130145 
    -0.039609696       -1.6360017        1.4911320 
      0.82069954      -0.80074320        2.2635904 
    0.0096391503       -2.0611082        2.0026826 
     0.087455747      -0.40487282       0.54304881 
     0.042117508      -0.45261487       0.50901118 
     0.041597013      -0.43997219       0.55867342 
    -0.053573902      -0.53957466       0.45138797 
      0.13096932      -0.36829908       0.58501933 
     0.041216677      -0.47618439       0.50414974 
     0.057136393      -0.41525350       0.54860445 
      0.15336210      -0.30726317       0.67139171 
     0.047178938      -0.44375769       0.53194290 
    -0.026808519      -0.53018077       0.44394610 
      0.11676821      -0.40953745       0.57896511 
      0.16642971      -0.29739710       0.66742847 
     0.032278961      -0.45749875       0.53951436 
      0.12507254      -0.38240069       0.58660807 
     0.029756830      -0.45033736       0.49845100 
   -0.0055552440      -0.50657727       0.47076248 
     -0.20975786      -0.71136419       0.27278844 
     0.088803597      -0.38342734       0.57936467 
     -0.11178421      -0.64359076       0.35830026 
    -0.047904356      -0.50727511       0.47456348 
    -0.039915311      -0.48874709       0.47740332 
    -0.048516157      -0.55083348       0.41643402 
     -0.10656173      -0.61536263       0.37321150 
     -0.16746901      -0.69342246       0.30288818 
     -0.15651610      -0.66449516       0.30559338 
     -0.25820845      -0.76499963       0.25161996 
      0.14922474      -0.33061983       0.65710266 
     -0.20705323      -0.72559075       0.25835378 
    0.0054814813      -0.48266503       0.49031001 
    -0.081226628      -0.54496605       0.44473791 
     0.038726723      -0.47612331       0.51585238 
    -0.036343889      -0.55303429       0.45092909 
     0.015190824      -0.44514946       0.54045534 
    -0.026082504      -0.49400529       0.47972443 
     0.043144371      -0.42185651       0.56557312 
     0.051392355      -0.40549568       0.57977140 
     0.038366474      -0.46641972       0.53940448 
   -0.0049184155      -0.49854241       0.48384929 
    -0.048054621      -0.55154950       0.44449982 
    -0.021359160      -0.51855612       0.48936062 
   -0.0070468144      -0.50382944       0.47941686 
    -0.027493892      -0.50081626       0.50987805 
     0.048915580      -0.42845511       0.53981327 
     0.096746060      -0.42143223       0.57895880 
     0.018382896      -0.46879859       0.51132551 
     0.013946903      -0.48109350       0.49503296 
     0.089242853      -0.43071004       0.57010526 
     0.033389443      -0.43193303       0.54910577 
     0.010458654      -0.48381693       0.51712439 
     0.023611837      -0.45480737       0.54261307 
     0.050907752      -0.42475522       0.55281635 
    -0.037955324      -0.52466728       0.47032937 
    -0.041965994      -0.51205680       0.46616311 
    0.0041656903      -0.48729053       0.49288130 
      0.10648340      -0.40569246       0.58929715 
    -0.055588058      -0.52894957       0.47058462 
     0.066100319      -0.44464073       0.54904039 
     0.085137477      -0.39674557       0.57591512 
    -0.045894412      -0.59391884       0.43089060 
     -0.12419726      -0.56542091       0.39901651 
    -0.023692713      -0.55023502       0.43942285 
     -0.14667019      -0.62407909       0.38730068 
     -0.18537020      -0.65076885       0.33590912 
     -0.14145603      -0.62189309       0.34466250 
     -0.40352979      -0.90729622       0.10058427 
      0.17390386      -0.33636298       0.65103666 
     -0.10636742      -0.59677865       0.40562045 
     -0.18324621      -0.66663944       0.32695035 
     0.073195911      -0.40726733       0.57581386 
     0.050893021      -0.45253952       0.54891180 
     0.020236015      -0.47223711       0.52931872 
     0.018534161      -0.46505709       0.53804934 
      0.13025025      -0.37769083       0.63901271 
    -0.076747670      -0.59698481       0.40848755 
      0.18613961      -0.33216648       0.69016105 
     0.078614220      -0.44625171       0.54976797 
     0.095398520      -0.40175557       0.59830443 
    0.0045074586      -0.51546782       0.49061085 
      0.37256196      -0.12153161       0.90290252 
      0.12314181      -0.37806572       0.62710351 
      0.11431940      -0.37904583       0.61783820 
      0.16248650      -0.32781545       0.68691905 
     0.044128519      -0.45755003       0.53309749 
     0.075029375      -0.43611264       0.56235185 
      0.13683925      -0.35013093       0.64990307 
   -0.0059593094      -0.49777800       0.48279087 
     0.087096010      -0.41002655       0.57770394 
    -0.059542660      -0.57208999       0.43249622 
     -0.10898077      -0.63373794       0.35522144 
    -0.077701733      -0.54611697       0.44773741 
     -0.16627776      -0.67015817       0.32947398 
     -0.15401465      -0.65172297       0.34071111 
     -0.51848092       -1.0516634     -0.014338741 
     -0.36028417      -0.87678418       0.12152310 
     -0.14054912      -0.62677075       0.37229256 
    -0.079931513      -0.57187160       0.38883050 
     -0.11865314      -0.61521764       0.33639426 
      0.10573742      -0.35142246       0.60963954 
      0.10413240      -0.34090411       0.55946447 
     -0.31498992      -0.78233277       0.12558933 
      0.11452694      -0.35275321       0.54696397 
   -0.0063890062      -0.43462516       0.47698380 
    -0.017269354      -0.75054684       0.63809492 
      0.19613551      -0.46848643       0.87607304 
     0.031537496      -0.63434387       0.72549718 
    -0.069704188      -0.73422910       0.61394947 
    -0.032917350      -0.69361203       0.66828146 
     0.053976178      -0.64584889       0.74668937 
     -0.24744138      -0.90218709       0.47819575 
     -0.17778388      -0.90396589       0.45684972 
     -0.18055095      -0.83343623       0.51225774 
    0.0049286635      -0.61221258       0.71172578 
    -0.074227851      -0.74776928       0.58385676 
     0.037715438      -0.64766929       0.67940178 
    -0.076135245      -0.78660937       0.55112221 
     0.048514968      -0.60109200       0.69785263 
     -0.10273060      -0.81166043       0.51913397 
     -0.15598478      -0.80347721       0.53416820 
     -0.36601316       -1.0239316       0.33230736 
    -0.034728581      -0.70019967       0.63861282 
     -0.31772646       -1.0124830       0.36781609 
     -0.29388635      -0.96282766       0.36773549 
     -0.23352735      -0.91121752       0.45582120 
     -0.11700528      -0.79357067       0.56498231 
     -0.12295808      -0.83059400       0.50580908 
     -0.11037174      -0.82295943       0.54614282 
     -0.14682883      -0.82559082       0.54687902 
     -0.18818244      -0.82778699       0.51572966 
      0.12418595      -0.55115200       0.78281589 
    -0.032967240      -0.72659861       0.63049625 
     0.026511017      -0.62463782       0.70581964 
     0.018159656      -0.63802248       0.71167484 
     0.027776520      -0.65755212       0.66551912 
      0.15455818      -0.53995714       0.79413543 
  -0.00021739652      -0.67339999       0.69464512 
     -0.14692284      -0.77282625       0.58122353 
     -0.14087169      -0.80108021       0.52056690 
    -0.085314055      -0.77373143       0.57442329 
    -0.012050853      -0.70346509       0.64155901 
    -0.055481363      -0.73254140       0.59100634 
    -0.036119999      -0.68926748       0.61568016 
     0.017753276      -0.61328181       0.69952110 
      0.12635045      -0.53195855       0.80163347 
     0.022678222      -0.64644300       0.67486424 
      0.12014185      -0.52603022       0.79151594 
      0.14929014      -0.54426518       0.78802502 
      0.16152586      -0.48446982       0.82459133 
     0.039418211      -0.62248971       0.68865083 
      0.14010631      -0.53006275       0.81783145 
      0.17814249      -0.50236423       0.81805253 
      0.15678278      -0.55095315       0.77430003 
     0.097317595      -0.52321908       0.81032982 
      0.21291122      -0.46225197       0.87915310 
      0.16812124      -0.51540401       0.80921539 
      0.15663088      -0.50512138       0.84345306 
      0.13818153      -0.52199273       0.81144836 
      0.14704152      -0.53089944       0.82762623 
     0.095790822      -0.60248496       0.73026936 
      0.13702858      -0.55157390       0.81148877 
      0.24079389      -0.44593758       0.90196766 
      0.11493252      -0.54609542       0.80253957 
     0.089341425      -0.59165136       0.74821164 
      0.20125695      -0.42877967       0.92286587 
      0.18807549      -0.53355225       0.82235478 
      0.17304140      -0.51224255       0.84834403 
      0.14121700      -0.50935133       0.84246800 
    -0.035538135      -0.73199777       0.61376322 
      0.31650743      -0.39770417       0.96058802 
      0.11145407      -0.56272158       0.76143186 
    -0.056217217      -0.72535304       0.61145672 
    -0.044127214      -0.72764225       0.62606141 
     0.096426005      -0.61815237       0.70921156 
      0.15757107      -0.51689357       0.82568700 
    -0.075622938      -0.74513023       0.57521580 
     0.064267569      -0.58341537       0.74785629 
     0.057825323      -0.65610787       0.71608706 
      0.12985542      -0.58073801       0.77343544 
      0.24489869      -0.41371865       0.95220527 
      0.19171604      -0.47299948       0.85648334 
      0.16240946      -0.50999632       0.83459655 
      0.41417181      -0.26827001        1.0891778 
      0.11916958      -0.58069238       0.75692607 
      0.10783262      -0.56700999       0.80284260 
      0.25307906      -0.43597043       0.94194048 
     0.068002881      -0.64436666       0.72698748 
      0.21005344      -0.49534182       0.85478937 
      0.29116104      -0.40457350       0.96923025 
     0.087873960      -0.57748098       0.79304171 
   0.00079238110      -0.64688622       0.68341632 
    -0.077679422      -0.72751592       0.63205777 
     -0.13103145      -0.82241759       0.56738018 
     -0.15487075      -0.84833715       0.51275754 
     -0.33416343       -1.0463212       0.37202889 
     -0.42087483       -1.1460463       0.30114474 
     -0.78887861       -1.4886882     -0.051355687 
    -0.070252423      -0.81578368       0.58983476 
      0.25025996      -0.45974789       0.95349942 
      0.24086823      -0.41585403       0.98290461 
     -0.10063904      -0.76760000       0.60842576 
      0.11491021      -0.58276160       0.82130728 
    -0.060358019      -0.76013035       0.60438887 
     -0.43419751       -1.2276666       0.27750966 
     -0.19315746      -0.91963037       0.61358619 
     0.010104604      -0.82213388       0.84042963 
      0.19281668      -0.89432652        1.4319821 
     -0.19840129       -1.3654124       0.89691637 
     -0.25356057       -1.3228437       0.93163362 
    0.0085220932       -1.1278027        1.1066737 
     -0.20566507       -1.3480171       0.95618488 
      0.16380678       -1.0322883        1.2427776 
      0.15992441       -1.0036191        1.2730086 
     -0.22919587       -1.3918784       0.88427809 
      0.69274418      -0.45612041        1.8522771 
     -0.32593365       -1.4692731       0.84403973 
      0.11059907      -0.99007735        1.2638404 
     -0.25999012       -1.3401924       0.93201112 
     0.061506825       -1.0194290        1.2078996 
      0.25670395      -0.88942543        1.3873483 
     -0.18403510       -1.4135265       0.91802924 
     0.047478233       -1.0705890        1.1772354 
     -0.36034610       -1.4907169       0.76948397 
    -0.082974847       -1.2112622        1.0877087 
      0.46304699      -0.65148752        1.6410563 
     0.032259453       -1.0498755        1.2613355 
     -0.20652871       -1.3957731       0.92132021 
     -0.39708881       -1.5577944       0.71672045 
      0.39265289      -0.75398790        1.5296723 
      0.18276032      -0.96869840        1.2929572 
      0.31177839      -0.86522908        1.3931761 
      0.13442885      -0.95794582        1.3027962 
    -0.041097442       -1.1556574        1.1115250 
     0.064382109       -1.0179505        1.2302488 
     0.017054721       -1.0739034        1.1529897 
    -0.029450698       -1.1853565        1.0378775 
     -0.13916746       -1.3276090       0.97344495 
      0.15312024      -0.98335399        1.3099217 
     -0.15666883       -1.3079424       0.98382951 
    -0.017744591       -1.2168070        1.0490595 
      0.49633415      -0.68115014        1.5939218 
     -0.19838340       -1.3166856       0.97250247 
      0.41697955      -0.64781395        1.6010710 
      0.13706835       -1.0574140        1.2433088 
    -0.012387790       -1.1521539        1.0974839 
     -0.24580229       -1.3629557       0.88496522 
     -0.14325291       -1.2412217        1.0460156 
     -0.25036232       -1.4136935       0.89652154 
      0.46997205      -0.64419048        1.5755605 
      0.14653805      -0.92076982        1.3332296 
    -0.092942169       -1.1545418        1.0887389 
      0.17625134      -0.97536645        1.2977506 
      0.35358141      -0.83673579        1.4562330 
      0.20717801      -0.87430226        1.4237368 
      0.24273713      -0.80272632        1.4244304 
      0.12677555       -1.0540945        1.2471092 
    -0.095957041       -1.2608505        1.0152887 
     -0.11281300       -1.2939952       0.97531726 
      0.26985730      -0.94096778        1.3315973 
     -0.11890276       -1.2477635        1.0201167 
     -0.27742044       -1.4940136       0.82593084 
      0.14221674      -0.96957333        1.3046137 
      0.48116200      -0.69080326        1.6160637 
     -0.76499777       -1.9151868       0.41497728 
      0.55609797      -0.58207477        1.7164654 
    -0.047720700       -1.2003250        1.1174723 
     -0.11602858       -1.2892578       0.97445220 
     -0.46901359       -1.6635872       0.65844530 
      0.40587640      -0.75537905        1.5630026 
     -0.55125678       -1.6588638       0.59678819 
     -0.23466678       -1.3321493       0.91704945 
      0.26033559      -0.82528546        1.4651560 
      0.28311145      -0.87722994        1.3980070 
     0.096380461       -1.0225984        1.2286172 
      0.36676650      -0.80231344        1.5447240 
    -0.024872157       -1.1616101        1.0897215 
     -0.28166163       -1.4504933       0.87957179 
      0.35361851      -0.74032887        1.5611385 
    -0.025909607       -1.1311848        1.1021773 
      0.24973323      -0.87278724        1.4450123 
     -0.15152422       -1.3163669       0.97204710 
   0.00011864698       -1.1826971        1.1385182 
     -0.14363073       -1.2901622        1.0171932 
    -0.047910675       -1.1244863        1.1553258 
     -0.48874559       -1.6531103       0.61870097 
     -0.13615635       -1.2910388        1.0052310 
    -0.030511586       -1.1705778        1.1588021 
     0.046902015       -1.1272019        1.1444304 
    0.0045763734       -1.1481130        1.1209455 
     0.028838468       -1.0858177        1.1910870 
      0.10002073       -1.0278481        1.2641713 
    -0.018396047       -1.1399280        1.1874285 
      0.44731484      -0.66875342        1.6845678 
      0.28266993      -0.89370482        1.4371846 
     0.082215748       -1.1270765        1.2179895 
      0.15077060       -1.0398675        1.2408064 
      0.13505871       -1.0464424        1.2631487 
    -0.037194171       -1.2230879        1.0568719 
     -0.76221087       -1.9418164       0.37889831 
     -0.39868704       -1.5470374       0.78604228 
     -0.51590545       -1.6300079       0.67768542 
     0.069888648       -1.0782336        1.2243792 
      0.21702475      -0.95026570        1.2806492 
     0.064789563       -1.0900338        1.1911125 
      0.21902653      -0.91034265        1.3845311 
      0.39014727      -0.77405590        1.4503547 
     -0.39738428       -1.5003810       0.69100170 
    0.0051287082       -1.2066277        1.2043904 
      0.52335928      -0.24682678        1.2966485 
     -0.16894756      -0.92867319       0.63100447 
     -0.17551971      -0.88889204       0.63239743 
    -0.022392821      -0.79886995       0.71200802 
      0.20613480      -0.53213450       0.98244012 
     -0.48585220       -1.3252035       0.26659590 
      0.29193451      -0.46764941        1.0820028 
      0.13882879      -0.61656023       0.89663931 
      0.10411497      -0.61887557       0.91973175 
    -0.095081619      -0.85573838       0.67332005 
      0.28735594      -0.47024997        1.0583037 
     -0.29744849       -1.0619918       0.45395710 
      0.19251452      -0.58529630       0.97112275 
     0.083599903      -0.68636865       0.86582396 
     -0.13927949      -0.92252287       0.60086449 
      0.49289684      -0.29854887        1.2645707 
     -0.15630693      -0.95526873       0.57205723 
      0.43153883      -0.36094743        1.1731244 
    -0.041721511      -0.80148914       0.71670208 
      0.10639478      -0.66672908       0.87186651 
     -0.20888448      -0.98621251       0.58137899 
     -0.51661061       -1.3664606       0.23415078 
      0.29095218      -0.44807503        1.0740088 
      0.17313068      -0.64420504       0.89182991 
     0.082783968      -0.69580164       0.83305406 
     0.058244985      -0.72889740       0.82292013 
      0.42621357      -0.39000950        1.1810293 
      0.10153993      -0.61716421       0.90896087 
      0.26727445      -0.51911893        1.0307924 
     -0.10705289      -0.89280678       0.64035438 
    -0.012862966      -0.74323664       0.79928523 
      0.15145847      -0.59614705       0.94862013 
      0.36410910      -0.37888469        1.2043529 
    -0.078887309      -0.81258831       0.70941223 
      0.29958109      -0.48994870        1.0264378 
     -0.33671525       -1.1031104       0.43095377 
      0.35096255      -0.44082362        1.0795977 
      0.26508853      -0.50824979        1.0321766 
     -0.30062239       -1.0486167       0.47501563 
     -0.15721192      -0.88445302       0.65404914 
      0.13036610      -0.67901285       0.85643461 
  -0.00063382229      -0.75626104       0.77349774 
      0.43570975      -0.34562757        1.1970306 
      0.20946983      -0.56429324       0.98596925 
    -0.019521324      -0.81157083       0.74439536 
     0.026231464      -0.69011480       0.81310845 
      0.17467852      -0.59486339       0.93751431 
      0.42200155      -0.35125969        1.2055326 
     -0.33088788       -1.1206987       0.45690492 
     0.044369435      -0.75065802       0.79945640 
     0.063514250      -0.69435537       0.84767654 
     -0.26633892       -1.0474521       0.48989367 
      0.26904096      -0.51242674        1.0296262 
     -0.13322928      -0.90305230       0.60330597 
    -0.099639431      -0.86910828       0.67554658 
      0.19731660      -0.56438735       0.99524967 
     -0.21300087       -1.0355450       0.53461098 
    -0.066094019      -0.82818275       0.69591880 
      0.58958398      -0.17517388        1.3648676 
     0.052560546      -0.71360882       0.83675621 
    -0.021565206      -0.76636059       0.74430421 
     -0.14950341      -0.94629108       0.58813489 
      0.12126463      -0.61143124       0.87154343 
    -0.069071348      -0.81620239       0.71824306 
     -0.12847377      -0.88755696       0.61260101 
     0.058093193      -0.64081555       0.86792103 
      0.11164330      -0.62386856       0.92135922 
      0.11244592      -0.60631739       0.93495819 
    0.0096786094      -0.72774802       0.78295092 
     -0.22712742       -1.0294306       0.52600273 
     0.051771204      -0.72339857       0.79900279 
      0.37017301      -0.43084355        1.1364526 
    -0.027276403      -0.83090393       0.69188569 
     -0.34870171       -1.0997656       0.45567231 
     0.034357193      -0.76542254       0.80493753 
     0.051109678      -0.69396392       0.83210480 
     -0.24454059      -0.98731530       0.55298686 
     -0.10663806      -0.86663185       0.68442639 
     -0.23548211       -1.0038914       0.56996651 
    -0.071485460      -0.81454995       0.73141735 
     0.016465975      -0.72248645       0.79802669 
      0.43085580      -0.35823773        1.2106844 
     -0.10978025      -0.89787889       0.63732686 
     -0.13938812      -0.92088596       0.64680947 
    -0.094803179      -0.88965600       0.66114590 
     0.057447790      -0.69675817       0.82353629 
      0.38971977      -0.45738751        1.1290500 
      0.17627442      -0.62412344       0.89520527 
      0.16825590      -0.57626895       0.95217570 
      0.25820118      -0.46012082        1.0524845 
      0.45807854      -0.29192024        1.2102758 
     0.091013505      -0.66278311       0.82387183 
     -0.47330376       -1.2719728       0.31201080 
      -1.4804274       -2.3767088      -0.52796704 
    -0.064280563      -0.78703718       0.68282800 
      0.43371006      -0.37503442        1.0710705 
      0.17713799      -0.51926772       0.91430142 
     -0.22917822      -0.98285648       0.45286924 
      0.40506252      -0.31850805        1.0795828 
     -0.40056883       -1.0542035       0.28264580 
     -0.42723903       -1.0332558       0.22517368 
   -0.0070880314      -0.86578695       0.84171753 
  -0.00018880347       -1.0592133        1.0021787 
    -0.015346414      -0.98304235        1.0537425 
    -0.015909419      -0.99050309        1.0866318 
    -0.019762951      -0.98753716        1.0605689 
    -0.015022047       -1.0540979        1.0352631 
    -0.014338559      -0.99669608        1.0838487 
    0.0077171554       -1.0709528       0.97408295 
    0.0099742137      -0.99165822        1.0976213 
    -0.013463312       -1.0360830        1.0155583 
   -0.0073226516       -1.0539809        1.0061955 
     0.019831055       -1.0147353        1.0406058 
     0.011523011       -1.0834489        1.0119224 
    -0.015865998       -1.0030698        1.0135291 
    -0.032614799       -1.0721322       0.98548757 
    -0.030543889       -1.0838989       0.99250683 
    -0.017513239       -1.0921095        1.0056932 
   0.00097069164       -1.0917984       0.99774255 
    -0.013899607       -1.0516237       0.96387635 
   -0.0065740882       -1.0497845        1.0368101 
    -0.010517250       -1.0226838        1.0488193 
    -0.044175986       -1.0982046       0.97112462 
    -0.042372262       -1.0499884        1.0072995 
    -0.052642188       -1.1119140       0.95005634 
    -0.039786758       -1.1544080       0.96750484 
    -0.026329615       -1.0144356        1.0406579 
    -0.026551913       -1.0884018       0.97972045 
    -0.017213549       -1.0070351        1.0742293 
    -0.033653253       -1.0795345       0.95933695 
    -0.038304085       -1.0880381        1.0280181 
    -0.045299608       -1.0660474        1.0046837 
    -0.043657885       -1.0877624       0.95667177 
    -0.048679307       -1.1006187       0.97326938 
    -0.020234786      -0.99773351        1.0832046 
    -0.035429723       -1.0628715        1.0284811 
    -0.025202645       -1.0682386       0.99919056 
    -0.044489066       -1.1309765       0.97247503 
    -0.030632290       -1.0900400        1.0074640 
    -0.017871511       -1.0643837       0.99659033 
    -0.050671606       -1.0952184        1.0075927 
    -0.043620435       -1.0920446       0.96022359 
    -0.026113477       -1.0920518        1.0121078 
    -0.020391951       -1.0920865       0.98045152 
    -0.031083832      -0.97638908        1.1076430 
    -0.024092031       -1.0689242        1.0056809 
    -0.050675025       -1.0790028       0.96759802 
    -0.040611448       -1.0521141        1.0441255 
    -0.024406407       -1.0418625        1.0020493 
    -0.020924992       -1.0836719        1.0093455 
    -0.017890100       -1.0320456        1.0125256 
     0.010428855       -1.0147718       0.99398139 
     0.021588703      -0.93759303        1.1490969 
     0.029520725       -1.0252991        1.0122744 
    0.0072213103      -0.95861568        1.1144313 
     0.029720359      -0.96901150        1.1357910 
     0.022661625      -0.99243240        1.1175914 
     0.041161140       -1.0258841        1.0517764 
     0.040714031       -1.0105365        1.0692855 
     0.067624725      -0.97060572        1.0793580 
     0.012352134       -1.0176611        1.0222603 
     0.011717973       -1.0770019       0.99533669 
   -0.0063981246       -1.0040009        1.0463232 
    -0.015250477       -1.0489455        1.0360155 
    -0.033997732       -1.0445809        1.0248772 
    -0.010522193       -1.0086142        1.0790985 
    -0.021866406       -1.0644376       0.97654824 
    0.0080542482      -0.95680670        1.0822053 
    -0.010136316       -1.0175447        1.0046954 
    -0.032115099       -1.0513982       0.97277255 
  6.4907953e-005       -1.0505458        1.0175308 
     0.012763324       -1.0382800        1.0051470 
    0.0044635695       -1.0911279       0.96841347 
     0.012356461      -0.94736604        1.1340568 
    0.0065564673      -0.96958235        1.0906968 
    -0.010269747       -1.0385046        1.0092335 
     0.042954606      -0.96444370        1.0839227 
   -0.0012942887      -0.98422227        1.0733652 
     0.016536407       -1.0098888        1.0434804 
  -0.00028364465       -1.0583525       0.98434367 
   0.00032102706      -0.98878071        1.0877180 
    0.0015699771       -1.0656789       0.97274370 
    -0.022098732       -1.0309863        1.0348951 
    -0.013899253       -1.0409161        1.0284131 
    -0.046590561       -1.0954778       0.97490857 
    -0.048447153       -1.0609676       0.96977769 
    -0.026700131       -1.1342187       0.96274238 
    -0.059478340       -1.0782250        1.0292212 
    -0.026264855       -1.0833798       0.97861498 
    -0.034878799       -1.1502744       0.93168136 
     0.019222146      -0.93796272        1.1015122 
     0.012589162       -1.0406189        1.0516612 
     0.016399757       -1.0149425        1.0440973 
     0.060533927      -0.97678958        1.0871719 
     0.058064955      -0.94719307        1.0892730 
     0.014775163       -1.0352263        1.0725225 
     0.053683187      -0.96713205        1.0890871 
     0.020257642       -1.0517482       0.97948915 
     0.038833822      -0.94477696        1.1263932 
     0.027488660       -1.0101246        1.0709368 
     0.026184656       -1.0724337        1.0130368 
   -0.0090965291       -1.0302068       0.99388246 
     0.015985854       -1.0456672        1.0009221 
   -0.0011222453       -1.0456287       0.99824769 
       0.15004127      0.066796972       0.23514313 
    -0.073343068      -0.15584018     0.0079568060 
    -0.063035786      -0.14393949      0.016959059 
     -0.23075152      -0.31259623      -0.14968119 
      0.18743827       0.10839804       0.27087411 
     -0.19617588      -0.27221308      -0.11128326 
     0.056884085     -0.023388540       0.12992726 
     0.045393791     -0.031730879       0.11797375 
     -0.18482636      -0.25874528      -0.10724171 
     -0.16770789      -0.23932034     -0.086657159 
     0.059637892     -0.018649016       0.14450689 
     0.050510381     -0.030810211       0.12959450 
     0.069793466     -0.016184455       0.14728142 
      0.23690471       0.15729769       0.32447492 
     0.011369356     -0.066211542      0.087084004 
    -0.028976715      -0.10671590      0.040294348 
    -0.036335754      -0.10799581      0.037796972 
     0.022304403     -0.050620081      0.096233227 
     0.077040356     0.0024779628       0.15052634 
     0.088507978      0.010810947       0.15729219 
    -0.071696874      -0.14706639     0.0045758313 
     -0.15383694      -0.22601001     -0.076610728 
     0.028321405     -0.046058861       0.10093979 
   -0.0067397871     -0.083988029      0.074598604 
     -0.14904908      -0.23154252     -0.063557988 
    -0.052514947      -0.13285757      0.029472720 
    -0.013311261     -0.085998473      0.068689088 
    -0.092065263      -0.16977398     -0.013887598 
    -0.085043021      -0.15716723    -0.0085377678 
   0.00085931490     -0.070139796      0.076732390 
    -0.050499745      -0.11804789      0.026866338 
    -0.055919254      -0.12344484      0.025541023 
     -0.13337460      -0.20319587     -0.054521238 
    -0.060254713      -0.13287521      0.016089841 
     0.051236890     -0.023368120       0.12840111 
    -0.018169294     -0.094394321      0.056829094 
     0.041876776     -0.037289882       0.12065330 
     0.051789384     -0.025126882       0.12613738 
    0.0028453907     -0.071693059      0.069462295 
    -0.023180089     -0.090443488      0.055554632 
    -0.010055406     -0.081981920      0.065513740 
    -0.047791374      -0.11792055      0.028471018 
    -0.035914536      -0.11035756      0.035834344 
    -0.047584444      -0.12224864      0.022821523 
    -0.060847226      -0.13116202      0.014045207 
    -0.046825313      -0.11978684      0.029228963 
    -0.012861261     -0.091089967      0.060042080 
    -0.042971842      -0.11854968      0.034099777 
    -0.034695049      -0.11068539      0.044142132 
   -0.0031309148     -0.079020588      0.076254821 
     0.039910923     -0.040442768       0.11533873 
     0.042448913     -0.033949646       0.12549349 
     -0.15871666      -0.23967508     -0.084038536 
     0.025974139     -0.051387014      0.097532232 
    -0.025834669      -0.10322555      0.045488403 
     0.078206412    -0.0010186870       0.15840190 
    0.0079844334     -0.069381298      0.087622380 
      0.11747351      0.030554556       0.20336062 
      0.19872077       0.11404291       0.28569383 
      0.11765043      0.036663666       0.20099914 
      0.15247820      0.078435994       0.23076198 
    -0.035030677      -0.11272385      0.048167861 
     -0.13020067      -0.21092771     -0.049673776 
    -0.067358333      -0.14748488      0.011020099 
     -0.17820482      -0.25884639     -0.094385283 
     0.014120176     -0.058648751      0.086931415 
     0.020899756     -0.051482934      0.091050846 
     0.028251393     -0.041740865       0.10239909 
     -0.10386759      -0.17579800     -0.031453426 
    -0.013198784     -0.081259255      0.058539757 
   -0.0013021156     -0.073730150      0.076293870 
    -0.071173035      -0.14366634     0.0029251038 
    -0.073290307      -0.14186556    0.00033966485 
    -0.087872239      -0.15835906     -0.015407972 
     -0.11937192      -0.19358514     -0.047251999 
   -0.0073642689     -0.080582382      0.070788897 
    0.0072295450     -0.072022561      0.079934081 
     0.015919714     -0.063899746      0.090231044 
    0.0077068807     -0.069351010      0.089353015 
     0.043678492     -0.042190169       0.12524960 
     0.053457981     -0.029114668       0.13563196 
     0.036994453     -0.045213020       0.11734696 
     0.043822693     -0.036364370       0.12547675 
     0.048781494     -0.032510563       0.12349729 
   -0.0013284516     -0.080139831      0.070808058 
     0.018556826     -0.057903531      0.089141536 
     0.032037295     -0.039592232       0.10856718 
    0.0053090600     -0.075405845      0.085495484 
    -0.054057427      -0.14308919      0.035118653 
     -0.30062047      -0.39097308      -0.21502565 
     -0.12706918      -0.20169089     -0.057109274 
    0.0059745904     -0.064562415      0.073165343 
     -0.27712788      -0.34806849      -0.20339655 
      0.10472090      0.033665406       0.17763642 
      0.17541690       0.10383597       0.25149326 
      0.18230777       0.10457959       0.25267889 
      0.16499914      0.092865006       0.23252090 
      0.13159239      0.060684991       0.20108725 
     0.072335967    -0.0043622768       0.15138656 
     0.064502924     -0.021932749       0.15016314 
     0.060050430     -0.018497823       0.14138906 
   -0.0011142373      -0.17704452       0.20144547