      

     -0.26986846      -0.46089815     -0.074200689 
     -0.43733426      -0.62081066      -0.25340627 
     -0.36177063      -0.53993029      -0.18630920 
     -0.12378473      -0.30039521      0.057479709 
     -0.11198785      -0.28144731      0.064481296 
     -0.69952154      -0.88409809      -0.52423217 
     0.042864848      -0.14066238       0.21879145 
     -0.10653644      -0.27911124      0.068554507 
     -0.14410988      -0.31958153      0.032516840 
     -0.16865533      -0.34025422      0.011642767 
     -0.17331351      -0.34736652  -1.1934603e-005 
     -0.37611391      -0.54217710      -0.19196502 
      0.12125788     -0.047271882       0.29984459 
     -0.57467166      -0.74958340      -0.40265541 
     -0.30148730      -0.48319678      -0.12878740 
      0.21746693      0.036804472       0.39847987 
     -0.32424794      -0.50087563      -0.14078170 
     -0.43923386      -0.62291222      -0.26227126 
     -0.14539118      -0.32697590      0.024147554 
     -0.13962753      -0.30946749      0.047431607 
     -0.59929351      -0.77222754      -0.41938441 
     -0.81228495      -0.98483156      -0.63700012 
      0.23287311      0.054282102       0.41602389 
     -0.20809862      -0.38846054     -0.033148450 
    -0.043713357      -0.22380022       0.12985925 
    -0.069696143      -0.24921646       0.10633727 
      0.25035982      0.067859433       0.43345330 
      0.14640552     -0.017855468       0.33404158 
      0.20555670      0.031687566       0.38458538 
     0.043854103      -0.13189662       0.21908871 
    -0.074878899      -0.24732074       0.10653476 
      0.35437738       0.17451112       0.52129392 
      0.21090070      0.036978339       0.38805577 
     0.032319489      -0.14428016       0.21362583 
      0.21983754      0.044504452       0.38507626 
     -0.18850621      -0.35865155     -0.010599169 
      0.25321885      0.079993089       0.42686564 
     -0.17226665      -0.34431006     0.0026281737 
      0.10167674     -0.075821994       0.26967436 
    -0.016111516      -0.18616357       0.16109481 
      0.18202732     0.0087412963       0.35748617 
    -0.073701307      -0.24413595       0.10209411 
      0.59101635       0.40348323       0.76683212 
      0.11528474     -0.066685337       0.28183215 
     0.072368901     -0.097659990       0.24438691 
  -0.00061638999      -0.16864572       0.17625787 
      0.23968673      0.069177512       0.41702173 
      0.58633105       0.41435473       0.75870216 
      0.21094560      0.042922235       0.39573304 
      0.37794565       0.19787299       0.54930851 
      0.33455581       0.15377083       0.50783147 
    -0.040988346      -0.20830349       0.13828956 
      0.30799178       0.13421360       0.48319451 
      0.35304534       0.17619278       0.52837478 
      0.25442859      0.089294541       0.44178799 
      0.20032416      0.032261697       0.37735068 
      0.26602496      0.089232307       0.43550264 
     -0.29676367      -0.47693594      -0.12100858 
      0.47445605       0.29990636       0.65983243 
     -0.12625620      -0.30888006      0.046068968 
    -0.035811194      -0.21533647       0.14022295 
     -0.52310135      -0.69047133      -0.34363777 
      0.11634106     -0.061292260       0.30124490 
      0.12446308     -0.050815517       0.30017342 
     -0.29634824      -0.48557292      -0.10858083 
      0.33869992       0.15851880       0.51470478 
      0.13218680     -0.033275716       0.31222615 
      0.11974910     -0.046620368       0.30146228 
      0.26017193      0.087847562       0.43480032 
     -0.13920212      -0.30947449      0.039253846 
      0.12131595     -0.054443224       0.29739428 
      0.30566763       0.11912566       0.48157413 
     0.035069014      -0.13568708       0.21071971 
     -0.31259121      -0.48412139      -0.13463909 
    -0.045145090      -0.21956433       0.12830541 
     0.094737498     -0.075178147       0.27264941 
     -0.22541851      -0.40531580     -0.055839558 
     -0.29511580      -0.46362386      -0.12500927 
     -0.12755299      -0.29662250      0.050906098 
     -0.64217520      -0.82414127      -0.47401474 
     -0.39857327      -0.57508057      -0.22685874 
     -0.27743302      -0.44879820     -0.099522340 
     -0.62249132      -0.79969258      -0.44912963 
     -0.40794965      -0.58508625      -0.24010207 
     -0.25976355      -0.42906912     -0.078936120 
     -0.58516098      -0.75067302      -0.40617025 
      0.13238910     -0.050833470       0.29629064 
     -0.28497007      -0.45333908      -0.11002418 
     -0.38572648      -0.56565405      -0.21709618 
     -0.23644731      -0.40333797     -0.056433547 
     -0.37062649      -0.54847249      -0.20031602 
     -0.67346559      -0.85891290      -0.50266231 
     -0.46566731      -0.64561870      -0.28928921 
     -0.79885841      -0.98340811      -0.61649846 
     -0.33406469      -0.51682980      -0.15951439 
      0.57833617       0.39316123       0.75734329 
      0.15829627     -0.018196506       0.34243577 
     0.080351134      -0.10366223       0.25543844 
      0.51658207       0.33607953       0.68985009 
     0.022711176      -0.15343833       0.20228399 
      0.22537965      0.042446626       0.39412329 
     -0.11213648      -0.29391529      0.063526294 
     -0.11785269      -0.29031629      0.063687767 
    -0.063111381      -0.23493989       0.12360864 
      0.24212413      0.063923918       0.42275978 
     -0.26009682      -0.43350375     -0.077063909 
     -0.10428591      -0.29058361      0.083392194 
    0.0024789153      -0.65207381       0.64039809 
       

      -1.0380886       -2.0080660     -0.085228230 
      -1.8686105       -2.6651057       -1.0224506 
      -2.3426090       -3.1487577       -1.5266872 
      0.54550939      -0.37544700        1.4218486 
      -1.4903491       -2.2323738      -0.72170889 
      -5.2874876       -6.2149261       -4.3315559 
      0.41040443      -0.48346636        1.3215101 
       1.2695562       0.45194004        2.0214105 
      -3.1824710       -4.0677453       -2.3857943 
       1.8767904       0.93182801        2.7895190 
    -0.055171638      -0.87423545       0.72523099 
      0.65749000     -0.091640332        1.4449988 
       1.2991185       0.49700964        2.0813817 
      0.31738995      -0.50986243        1.1360647 
     -0.99165962       -1.8157196      -0.15094852 
       3.0657700        2.2346458        3.9818886 
      0.91231765       0.11372740        1.8062025 
      0.44616632      -0.38099792        1.2842659 
       1.8268140        1.0089541        2.6695587 
       1.2264073       0.39157451        2.0204991 
      -2.6109034       -3.5641115       -1.7033427 
     -0.93778544       -1.8532642      -0.10561612 
       1.6755920       0.88099088        2.5163925 
     -0.26034431       -1.0690967       0.57349549 
      -2.0318344       -2.8245369       -1.1847872 
      0.99969031       0.15077205        1.8984463 
      -2.5147945       -3.4259911       -1.6440501 
      0.13854121      -0.74870923       0.98148662 
      0.87590502      0.043174270        1.7543941 
      -1.6165726       -2.4044439      -0.77900625 
      -1.7875876       -2.6606945      -0.97663098 
      0.28485900      -0.57383149        1.1408182 
      -1.2046312       -2.0597723      -0.38873213 
      0.23692333      -0.53465251        1.0164051 
      0.33953683      -0.37606885        1.0690435 
     -0.46477112       -1.1869260       0.25346514 
       1.1563810       0.42721404        1.8632585 
     -0.28326272       -1.0964077       0.43085303 
       1.4362306       0.65675274        2.1958353 
    -0.037065350      -0.77183432       0.66703818 
      0.67315482     -0.031017629        1.4031180 
      0.31114040      -0.38960559        1.0146933 
       1.9056048        1.1761274        2.6096383 
     -0.39464352       -1.1561290       0.36588972 
     -0.56769416       -1.2664850       0.12207943 
     -0.46556586       -1.1579401       0.24528760 
      -1.7511316       -2.5229601       -1.0400567 
       1.2435152       0.47115429        2.0336806 
     -0.77932267       -1.5176630     -0.095887848 
     -0.50355291       -1.2377721       0.20286671 
       1.0631625       0.28005486        1.8400292 
      -1.0613498       -1.7472472      -0.33406751 
     -0.10825726      -0.88207585       0.65954480 
     -0.40194110       -1.0750986       0.35931900 
      0.97021069       0.21257817        1.6941803 
       1.1896830       0.43669518        1.9231456 
       1.0204593       0.25582074        1.7999602 
      -1.2648037       -2.0048076      -0.42939227 
       1.1943469       0.42039809        2.0022013 
       2.2704858        1.4323799        3.0673978 
      0.48794670      -0.29442987        1.2471967 
      -1.0875342       -1.8760440      -0.36119209 
      0.59482050      -0.18795893        1.3256845 
      -1.6413326       -2.4422024      -0.96286130 
       3.2757125        2.3971326        4.0866337 
     -0.12131543      -0.89460943       0.64509487 
      0.31488366      -0.42912711        1.0473626 
     -0.72586658       -1.4472693      0.023185307 
      0.10274414      -0.66983658       0.80349722 
      -2.8115749       -3.5658629       -2.0223235 
      -2.1262044       -2.9357316       -1.3488842 
       2.1549066        1.2414569        2.9450349 
      -1.8068451       -2.5835453       -1.0589282 
      -1.0273905       -1.7708189      -0.30279238 
      -2.3704787       -3.2400813       -1.5802402 
     -0.33237729       -1.0832438       0.49958876 
     -0.97913417       -1.7310855      -0.19303474 
     -0.79038355       -1.5553174     -0.026511346 
      -1.8960829       -2.6714439       -1.1274456 
      -1.6561964       -2.4726715      -0.81982286 
      -1.3152835       -2.1414529      -0.41988916 
     -0.13692188       -1.0041703       0.72448524 
     -0.26586857       -1.1741024       0.57296994 
   -0.0022831445      -0.86873744       0.92548132 
     0.045504536      -0.78761216       0.91319620 
      0.92289124      0.064214745        1.7950016 
       1.3602069       0.49454248        2.2324841 
       1.0203828       0.18081129        1.8970782 
      0.38036035      -0.42411522        1.2489891 
     -0.90968297       -1.7246150      -0.12930369 
     -0.89587163       -1.6882292     -0.078588586 
      -3.3359368       -4.2542136       -2.3928827 
      -3.8062498       -4.8503529       -2.7303822 
      0.98173979     -0.015906384        1.8870458 
      -1.2465602       -2.3062545      -0.25850538 
       3.4266159        2.3746692        4.4275870 
       1.4059452       0.42277004        2.4192304 
     -0.59827252       -1.6066001       0.35085022 
       1.2081698       0.30148775        2.0247709 
     -0.79668113       -1.6830675      0.051569079 
       2.1681879        1.3558005        2.9873430 
       2.1243876        1.2614705        2.9342885 
      0.29149641      -0.54390844        1.1226280 
     -0.90248356       -1.7227055     -0.095702576 
      0.85725754      0.059553716        1.5833334 
     -0.22163091       -1.0307184       0.57478764 
     -0.79169226       -1.6537960      0.097203509 
     0.019714467       -3.0172544        3.1790688 
      

     -0.33705628      -0.43787778      -0.24049404 
     -0.20730921      -0.28824700      -0.12717393 
   -0.0016698573     -0.077135579      0.070970481 
     -0.19402882      -0.26727123      -0.11329270 
     0.030136680     -0.043574747       0.10382296 
     -0.14265065      -0.22010282     -0.067742891 
      0.10502874      0.024108263       0.18714378 
      0.17119106      0.097735805       0.24268028 
    0.0072034286     -0.069819595      0.082148294 
     -0.33841002      -0.41845241      -0.26375587 
      0.10486993      0.032061974       0.17563164 
    0.0050037034     -0.064211289      0.075829058 
    -0.082172383      -0.15346995     -0.013429322 
    -0.045093346      -0.11446889      0.026974415 
    -0.060116595      -0.13393994      0.010326792 
    -0.027556388      -0.10476390      0.046567226 
     -0.10997523      -0.18381518     -0.033918867 
     -0.12539967      -0.19248561     -0.049635686 
     0.014197462     -0.055710591      0.088595283 
     0.066361008    -0.0051310114       0.13947739 
     0.063697318    -0.0099586816       0.13794631 
     -0.23881133      -0.31713918      -0.16891658 
    -0.054016534      -0.13044859      0.015513432 
     -0.29222496      -0.36213190      -0.21917118 
    -0.017197847     -0.090867151      0.056178759 
     -0.35443798      -0.42821750      -0.27882336 
     0.051141776     -0.027994745       0.12498619 
    -0.084800871      -0.16081654     -0.010569827 
    -0.021133982     -0.095196559      0.049855491 
    -0.066550267      -0.14300889      0.010137453 
     0.035855401     -0.037733228       0.10911717 
    -0.034861180      -0.10930314      0.038403545 
      0.14940596      0.073216229       0.21922137 
      0.20890638       0.13409161       0.28505349 
      0.23132854       0.15817476       0.30199770 
      0.17735707       0.10291677       0.24618628 
     0.062753650     -0.011655607       0.13033324 
    -0.074224924      -0.14677966    -0.0059832329 
    -0.058838721      -0.13184238     0.0091296751 
     0.012337599     -0.058215013      0.081929339 
    -0.067197693      -0.13870867     0.0020040731 
      0.10156173      0.031942043       0.17192854 
     0.076624499     0.0072566341       0.15230332 
    -0.018574161     -0.087763358      0.054266633 
    -0.058710435      -0.12874594      0.012808160 
      0.30583958       0.23812917       0.37974954 
     0.095576632      0.026826155       0.16807609 
    0.0061030054     -0.066407613      0.079682433 
     0.087527429      0.014974533       0.16028881 
     0.088316004      0.018935226       0.16246235 
     -0.16155764      -0.23321302     -0.088060487 
    -0.028035689     -0.095396017      0.044463885 
     -0.10397396      -0.17884284     -0.032846902 
      0.12089941      0.048911279       0.19137130 
    -0.080787490      -0.14911946    -0.0061525203 
   -0.0084219995     -0.076745429      0.063556437 
     0.055739505     -0.017081535       0.12342139 
     -0.16419051      -0.23838965     -0.094383014 
    -0.054524752      -0.12714452      0.017202376 
      0.10464500      0.031984273       0.17860521 
      0.17455610       0.10336060       0.24745276 
     -0.25123138      -0.32113270      -0.18003999 
     0.046000224     -0.026390151       0.11936755 
      0.23403335       0.16262137       0.31043763 
     -0.38938128      -0.48068264      -0.29842308 
     0.067880010     -0.011056217       0.14105750 
     -0.19372525      -0.26507406      -0.12237223 
    -0.072804711      -0.14293030    -0.0033016878 
      0.12478252      0.054674274       0.19690118 
     0.033278774     -0.039079586       0.10434044 
     0.034547652     -0.038894971       0.10591661 
      0.18260667       0.10532618       0.26026904 
      0.14964496      0.075955815       0.22352696 
     -0.10188712      -0.17468597     -0.032684418 
      0.37023744       0.30037977       0.44588503 
      0.20060992       0.12804709       0.27120100 
     0.079250969     0.0075599008       0.15213887 
    -0.076075551      -0.14811261    -0.0061831847 
      0.12831273      0.054843556       0.19866678 
     0.064836697    -0.0069273515       0.13654293 
      0.21129880       0.14330824       0.28685383 
    0.0070027791     -0.064137019      0.084385170 
      0.10525508      0.034669445       0.18079557 
  -0.00035602333     -0.072897854      0.074028061 
     -0.11023315      -0.18543632     -0.039353706 
     -0.17041771      -0.24769439      -0.10166688 
      0.14801673      0.074478547       0.21923168 
    -0.029599710      -0.10251211      0.042705952 
     -0.15555944      -0.22970164     -0.085692799 
     -0.19924712      -0.27232411      -0.12629529 
     -0.28206528      -0.35109126      -0.21099222 
     0.089225293      0.015089275       0.16021160 
    -0.026763181      -0.10243483      0.051034145 
     -0.40801740      -0.48779440      -0.32748742 
     -0.84224460      -0.92003489      -0.76496474 
     -0.67777286      -0.75824618      -0.59724460 
  3.3246655e-005     -0.079910836      0.079851499 
    -0.047696188      -0.13051795      0.029062615 
      0.28344293       0.20384496       0.36894537 
     0.014491090     -0.062700815      0.096682531 
      0.30874605       0.22782699       0.38568855 
      0.10596943      0.030367066       0.18217667 
    -0.032840391      -0.10821045      0.038902099 
     0.062017114     -0.013282735       0.13267803 
      0.29361241       0.21688127       0.36691069 
     0.044813120     -0.024626340       0.12047460 
      0.12751362      0.054393115       0.20123873 
    0.0016300900      -0.49630752       0.45362217 
       

       1.5706459       0.72443273        2.3277543 
      0.70100656     -0.055403535        1.4348755 
     -0.41729955       -1.1402480       0.31508261 
    -0.084737151      -0.78658043       0.66023882 
      0.28626461      -0.40699211        1.0155702 
      0.25315856      -0.48674476       0.99289823 
     0.070464048      -0.63833956       0.80502681 
     -0.94528771       -1.6160815      -0.17713450 
      -2.2407965       -2.9710440       -1.5472799 
      0.76647738      0.052839852        1.4727436 
     -0.21944351      -0.95760372       0.46164840 
      -1.0146864       -1.7413038      -0.31357133 
      -1.2691577       -1.9603454      -0.55045881 
      0.16839369      -0.53044652       0.86705061 
     -0.41446626       -1.1478285       0.27959467 
      0.46408217      -0.25008735        1.1679614 
     -0.27440544      -0.99553743       0.47141445 
       1.2118310       0.53148406        1.9694069 
      -1.5817972       -2.2851699      -0.86405916 
     -0.83861033       -1.5523051      -0.13481657 
     -0.66329410       -1.3711808      0.078345431 
       1.5013322       0.80759252        2.2360090 
      0.13708026      -0.60483039       0.83674679 
      0.37722657      -0.35053448        1.0726144 
     -0.56675353       -1.2469122       0.17038063 
      -1.0572733       -1.7941326      -0.36010029 
      0.65103877     -0.046554248        1.4071391 
    -0.092870756      -0.80586732       0.60456646 
      0.47091657      -0.25265006        1.1656203 
      0.23685362      -0.46072479       0.96667901 
       1.2243766       0.54972171        1.9499519 
       1.5472578       0.85869075        2.2636683 
       1.4924417       0.76910807        2.1959251 
     -0.51719231       -1.2498505       0.19895771 
     -0.25867561      -0.97871969       0.45651153 
     -0.69153210       -1.4029596      0.010985810 
   -0.0081572372      -0.72285725       0.68353997 
       1.0007489       0.30868497        1.7070383 
     -0.27622668      -0.96143318       0.43530151 
      0.62803170     -0.041410968        1.3599927 
      0.93240207       0.17058008        1.5769562 
     -0.26506426      -0.99283275       0.41158252 
     -0.40610029       -1.1393764       0.28677447 
    -0.032489559      -0.70285904       0.69252912 
      0.16985229      -0.53667050       0.88388155 
       1.2277835       0.53097965        1.9491157 
     -0.10082348      -0.79740741       0.60266815 
      0.41661838      -0.33834601        1.0861030 
      0.10496300      -0.62690716       0.80205754 
      0.46494137      -0.25161678        1.1583086 
     -0.86528262       -1.5830850      -0.15406582 
     -0.42146191       -1.1567675       0.23707060 
     -0.27007914      -0.99006178       0.44743800 
      -1.3205465       -2.0493122      -0.60364836 
      -1.2703846       -1.9554612      -0.57829634 
     -0.32887996       -1.0598343       0.33619919 
     -0.73781089       -1.4505822     -0.066792195 
      0.29310629      -0.39101381        1.0485489 
      -2.0230036       -2.7392844       -1.3083097 
       1.0750325       0.36418491        1.8150444 
      0.90217486       0.18478604        1.6094127 
      0.24884004      -0.45406327       0.97665251 
     -0.42570374       -1.1164402       0.30050277 
     -0.15547949      -0.90953814       0.53236810 
       1.2507255       0.45473336        2.0624372 
    -0.059194813      -0.79364291       0.66253772 
      0.53849927      -0.15673806        1.2665668 
      0.96590082       0.23343019        1.6460998 
      0.16058719      -0.54201031       0.87941372 
       1.3015442       0.60617058        2.0193954 
       2.1725713        1.4217858        2.8456073 
     0.093906461      -0.61384368       0.82897741 
     -0.50891840       -1.2102393       0.19487946 
      0.87280629       0.16639843        1.5834818 
      0.71082457     -0.013063704        1.3966434 
      0.38928497      -0.29240410        1.1050327 
     -0.18090741      -0.86214954       0.53481165 
     0.025698501      -0.65488595       0.77231824 
     -0.65608418       -1.3512876      0.066549880 
      0.28046017      -0.45154662       0.94464976 
     -0.14570909      -0.88663151       0.54781251 
     -0.25848968      -0.98027712       0.43387610 
      -1.4587858       -2.1790613      -0.76493508 
     -0.19310238      -0.92964891       0.49708751 
     -0.20071266      -0.91247361       0.51966830 
       1.1857709       0.47747997        1.9044113 
      -1.3578115       -2.0802945      -0.68786641 
     -0.16957246      -0.87093064       0.54722953 
     -0.58555658       -1.3176583       0.10974048 
      -1.2660005       -1.9688708      -0.54097137 
     -0.77866551       -1.4502789     -0.019364763 
     -0.73834069       -1.4342239     0.0086763913 
      -4.6896270       -5.4439852       -3.9396121 
     -0.38403645       -1.1388543       0.36268932 
      0.71802193      -0.10828229        1.4975095 
       3.1752235        2.3930788        3.9405781 
       1.5028894       0.75795408        2.2241973 
      0.38556854      -0.34524075        1.1097597 
       2.9079845        2.1769567        3.6973098 
     -0.37950000       -1.0850088       0.34149029 
       1.3646278       0.65171802        2.1030739 
      0.77150767      0.071407134        1.5133711 
       1.6964315       0.98416785        2.4015667 
      0.37249548      -0.36920377        1.0457432 
      0.47786618      -0.23375085        1.2081688 
      0.63840339     -0.075121559        1.3387706 
     -0.23978550      -0.95439823       0.51762654 
     0.010420048       -2.2198369        2.4115860 
       

      0.20155803      -0.82211468        1.2299938 
     0.048848163      -0.95777217        1.0618953 
      -1.1821841       -2.1382385      -0.14408177 
      -2.3881258       -3.4325240       -1.3969099 
      -1.3172651       -2.3528584      -0.34990106 
       2.5985458        1.6145847        3.6907851 
     -0.62161871       -1.6938232       0.32204500 
     -0.82777691       -1.7983174       0.16415509 
       3.6769100        2.6409489        4.6815597 
      -1.3331458       -2.3202436      -0.31809991 
      0.34574561      -0.61899522        1.3752890 
     -0.13645856       -1.1137782       0.91127272 
      0.17475616      -0.78132159        1.2139489 
      0.82671922      -0.16800310        1.8156333 
      0.56349382      -0.47199380        1.5077353 
      -2.4107465       -3.5095073       -1.3860747 
      0.69622768      -0.28826944        1.7411350 
       1.3699660       0.39272044        2.3970778 
       1.6545061       0.60431897        2.6297711 
      0.80135799      -0.14992154        1.8225916 
       1.1908665       0.17665328        2.2178811 
      0.13979545      -0.88375075        1.1088969 
      0.57254844      -0.41839247        1.5903897 
       1.6531920       0.64029405        2.6905263 
       1.6545497       0.62888768        2.6531194 
     -0.85020116       -1.8130503       0.17785654 
       1.4092783       0.39604203        2.4646862 
     -0.48934281       -1.4994255       0.50948128 
      -1.4460846       -2.4098634      -0.41955086 
      0.43497188      -0.55891816        1.4076788 
     -0.62078082       -1.6198867       0.38152694 
      -1.5141058       -2.5280602      -0.51121438 
     -0.72069944       -1.6731474       0.29755892 
     -0.51213851       -1.5047987       0.45652296 
      0.24047737      -0.75180048        1.2479146 
      0.59061674      -0.38360866        1.6113398 
      0.82626018      -0.16198953        1.8390601 
      0.55187607      -0.43990198        1.5525898 
     -0.82036020       -1.8694649       0.14517562 
    -0.052816530       -1.0578672       0.95997885 
      -1.3677436       -2.4160107      -0.41197693 
      -1.1459463       -2.1119039     -0.095140223 
      0.54893215      -0.50343194        1.5507464 
      0.59929670      -0.40739487        1.5863022 
      0.38056277      -0.65396584        1.3757942 
       1.1998058       0.14172965        2.1991911 
       1.7281622       0.73904450        2.7655799 
     0.085517066      -0.90296763        1.0960926 
       2.7605448        1.6883582        3.8371424 
      0.78617181      -0.18720971        1.8439246 
      -1.3182583       -2.3239475      -0.29271839 
      0.15466072      -0.88701864        1.1322959 
     -0.17110711       -1.1708827       0.83483212 
     -0.12269464       -1.1343863       0.87889066 
     -0.64682331       -1.6310624       0.37743024 
     -0.57084847       -1.6115988       0.41261761 
       1.2910211       0.29855449        2.3130871 
      0.81831169      -0.23627261        1.8775781 
      0.72175412      -0.23469628        1.7497152 
     -0.81419838       -1.8745411       0.13297044 
     0.090152143      -0.91296040        1.0760874 
     -0.12949280       -1.1406399       0.86240588 
     -0.95221497       -1.9467887       0.10248338 
     -0.74494841       -1.7646795       0.24811222 
      -2.3716646       -3.4273517       -1.4051551 
      0.86592504      -0.19030327        1.8025293 
       1.4014100       0.43010711        2.4384009 
       1.6015304       0.57851593        2.5820275 
      0.43903272      -0.50629187        1.4918619 
       1.9589825       0.90251136        2.9530084 
     -0.18353051       -1.1852221       0.82530527 
      -2.0764625       -3.1451815       -1.0866276 
     -0.16892676       -1.1476020       0.87607816 
      0.12386396      -0.88564119        1.1229389 
     -0.34406765       -1.2993198       0.71265495 
      -1.3406723       -2.3717339      -0.33745993 
     -0.75872067       -1.7864633       0.20485670 
     -0.63149007       -1.5951192       0.40536431 
      -1.2225864       -2.1992284      -0.19874877 
      -1.6181396       -2.6298314      -0.64638865 
     -0.45009770       -1.4543008       0.53549321 
      -1.5377621       -2.5558990      -0.53181249 
     -0.49948417       -1.5259301       0.51174497 
     -0.75103752       -1.7191996       0.23814205 
     -0.22899253       -1.2110444       0.80207167 
     -0.27393346       -1.3034749       0.70179058 
      0.11844766      -0.86486929        1.1405431 
     -0.19268789       -1.1987853       0.78550128 
      0.16719734      -0.89654182        1.1652372 
       1.2765432       0.27164758        2.3088381 
     -0.47020447       -1.4930581       0.50669816 
     -0.36651748       -1.3447133       0.67026785 
    -0.040683967       -1.0263773       0.98971550 
      -2.5183534       -3.6052999       -1.4801617 
     -0.13750550       -1.1091902       0.95300088 
     -0.36300488       -1.3676770       0.64330917 
       1.3285866       0.33887169        2.3586957 
       2.4365793        1.4484369        3.5059890 
      0.68231962      -0.29064005        1.7116280 
       2.3981597        1.4055642        3.4127720 
      -1.0468189       -2.0415598     -0.016958789 
      0.64564716      -0.34043980        1.6717566 
     -0.79010546       -1.7859873       0.22709017 
     -0.30614729       -1.2946173       0.69908701 
     -0.21343822       -1.2967223       0.73492453 
      0.53368946      -0.42900047        1.6010375 
      0.13675675      -0.89614282        1.2044645 
    0.0028700399       -1.5591659        1.5541371 
      

      0.89147820       0.74274071        1.0358969 
     -0.31374034      -0.44892502      -0.17553197 
    -0.057444759      -0.19190061      0.068440715 
      0.34420578       0.22015202       0.47534303 
      0.14062875      0.014713665       0.27183045 
     -0.47658977      -0.60289691      -0.35150276 
      0.52190600       0.39360007       0.64382543 
    -0.037739479      -0.16176689      0.084341432 
     -0.11760976      -0.23797419     0.0048651830 
      0.31972600       0.20394558       0.44992537 
      0.21146411      0.093452314       0.33170423 
     -0.26700443      -0.38569937      -0.15012674 
      0.57563922       0.45736077       0.69644278 
    -0.034601843      -0.14533976      0.087841361 
    -0.066310131      -0.18598401      0.050680610 
      0.48148659       0.36070711       0.60131319 
     -0.34735556      -0.47175335      -0.23206382 
      0.38563271       0.26516538       0.49815333 
     -0.55427461      -0.67059162      -0.43871466 
      0.14379100      0.028103373       0.26028860 
     -0.53079046      -0.64536628      -0.41613769 
     -0.14209513      -0.25901063     -0.020086105 
      0.28112477       0.16588711       0.39652376 
      0.38269381       0.26986344       0.50348393 
     -0.11737211      -0.23396809    -0.0026794960 
      0.98626949       0.85175402        1.1167601 
      0.30562221       0.18438135       0.41966081 
     -0.23378569      -0.34274506      -0.11250985 
      0.29552546       0.18406410       0.40965533 
     -0.34816040      -0.46160259      -0.23159967 
     -0.11805830      -0.22993132    -0.0056867231 
     -0.23564072      -0.34617020      -0.11658021 
     0.069489826     -0.044304339       0.18297985 
     -0.74314824      -0.86023557      -0.62067187 
     -0.22506600      -0.34212971      -0.10907762 
     -0.60040818      -0.72267711      -0.49079821 
      0.17692591      0.064301617       0.28759642 
     0.098438825     -0.012853061       0.20898656 
     -0.46797925      -0.57805205      -0.35232495 
     0.050699784     -0.062904345       0.15926815 
      0.20962095       0.10155875       0.32259093 
     0.011571382     -0.097413108       0.12614625 
      0.30415394       0.19477353       0.41957529 
      0.13869482      0.022133838       0.24931042 
     -0.18009137      -0.29287725     -0.069796896 
      -1.0331585       -1.1627992      -0.90578564 
     0.020836927     -0.090687475       0.13216514 
      0.18321734      0.065386580       0.28822282 
     -0.97597449       -1.0937950      -0.85270726 
      0.11349505     0.0014557112       0.22628280 
      0.75013033       0.63325444       0.86891425 
    -0.028099195      -0.13945234      0.085968667 
      0.69404039       0.58173593       0.81219195 
      0.13533007      0.021011297       0.24811527 
      0.72753056       0.61018834       0.84785898 
      0.26978133       0.15971757       0.38175130 
     -0.38580495      -0.50201017      -0.27928438 
      0.88322552       0.76349646        1.0021025 
      0.96986390       0.84935326        1.0919971 
     -0.76961975      -0.88698031      -0.65055304 
     -0.71896702      -0.83295208      -0.59847957 
      0.46197544       0.34683395       0.58233350 
     0.022946226     -0.089200706       0.13742186 
     -0.38542345      -0.49829458      -0.26675803 
      0.25784121       0.13167105       0.38917876 
     0.030756000     -0.084618668       0.14225732 
      0.33277331       0.22583194       0.45063180 
     -0.21166945      -0.32494825      -0.10221838 
     -0.34454760      -0.46186987      -0.23479995 
     -0.54630462      -0.65965329      -0.43178837 
     -0.16475788      -0.28075288     -0.052325790 
    -0.018734742      -0.13689641      0.092156506 
     -0.38794645      -0.49512361      -0.26720694 
     -0.47343783      -0.58652303      -0.36253933 
    -0.095113844      -0.21821877      0.015965778 
     -0.64963909      -0.77046743      -0.53347958 
     -0.27449129      -0.39278713      -0.16815679 
      0.28826744       0.18340464       0.40702139 
    0.0026542902      -0.11606341       0.10726323 
    -0.052648427      -0.16600826      0.054171665 
     -0.29550651      -0.40949622      -0.18010236 
      0.52439890       0.40778835       0.63646726 
     -0.35472302      -0.46474237      -0.24308548 
     -0.23335393      -0.34641155      -0.12126528 
      0.34884999       0.23299843       0.46098933 
      0.24578256       0.13800615       0.36323735 
      0.29698830       0.18146038       0.40666855 
     -0.13396769      -0.24376367     -0.019963659 
      0.30377171       0.18337186       0.41188832 
      0.63397569       0.51132835       0.75111606 
       1.0820067       0.95307958        1.2105220 
     -0.22828818      -0.34081425      -0.11587099 
      0.62586894       0.49408755       0.76098054 
     0.077785877     -0.050696362       0.20355261 
       1.9645403        1.7885461        2.1392542 
       1.3193359        1.1822131        1.4557620 
     -0.68373040      -0.80317414      -0.56125129 
     -0.35015744      -0.47103401      -0.23585008 
     -0.71632615      -0.85489855      -0.58658025 
      -1.0030011       -1.1172004      -0.87931909 
     -0.70990639      -0.83551165      -0.58332971 
      -1.1335752       -1.2523923       -1.0030155 
      0.29492963       0.18821904       0.40765604 
     -0.15771501      -0.26696347     -0.044780414 
     -0.76171935      -0.88290700      -0.63864593 
     -0.36541160      -0.48003962      -0.25475315 
     -0.45431439      -0.56068355      -0.32842446 
    -0.013678929       -1.3080284        1.2738794 
       

      -1.0489572       -2.7044205       0.59879997 
     -0.99996480       -2.5760828       0.54405206 
      -1.6899065       -3.3055610      -0.13825306 
      -1.1474362       -2.7216079       0.36446178 
     -0.38264325       -1.8524247        1.2580791 
       1.1115886      -0.52466209        2.6383535 
      -1.2937152       -2.8128500       0.34029456 
      0.82162694      -0.74924526        2.3676550 
     -0.36981675       -1.8911947        1.2128468 
      -1.3508029       -2.9332467       0.20795040 
      0.51028522       -1.0844736        2.0552046 
     -0.24824730       -1.7786509        1.2995589 
     -0.79108144       -2.3379401       0.74157742 
      0.57029607      -0.91222687        2.1971039 
     -0.40104808       -1.9671534        1.1394326 
      0.56138735      -0.99419350        2.1290676 
       3.0007688        1.4015959        4.5375750 
      0.23549300       -1.4085402        1.7096835 
     -0.35853990       -1.8778036        1.2366980 
      0.56697936       -1.0178164        2.1012145 
       1.3244642      -0.21980929        2.9602850 
       1.8261085       0.25451054        3.4000866 
     -0.11067766       -1.7442379        1.3988785 
      0.29365751       -1.2631762        1.8401320 
     -0.45409732       -2.0372171        1.0662530 
    0.0019606621       -1.5853792        1.5042396 
     -0.64660501       -2.2076085       0.93201467 
     -0.61736393       -2.1398512       0.95879973 
     -0.67133650       -2.2643534       0.86298729 
      0.11231675       -1.4220651        1.7047905 
     -0.72216871       -2.2392039       0.88848481 
     -0.76758396       -2.2513124       0.84672966 
      0.66579020      -0.87526348        2.2183714 
    -0.067253716       -1.6603609        1.4703577 
     -0.77664196       -2.3825740       0.76730947 
      0.69886668      -0.76607838        2.3495008 
     -0.17076865       -1.7702815        1.3549984 
      0.78586352      -0.75125992        2.3504871 
     -0.60159476       -2.1489255       0.98730368 
     0.050470067       -1.4248894        1.6562514 
     -0.63475526       -2.2086270       0.88885345 
       1.0443614      -0.56051458        2.5739998 
       1.5478044     -0.081790619        3.0718658 
      0.85201954      -0.70810358        2.4224740 
     -0.88411719       -2.4419265       0.67662605 
     -0.42038157       -1.9449495        1.1490008 
     -0.33250008       -1.9460128        1.1661857 
     -0.78186751       -2.4139560       0.72198967 
     0.053309349       -1.5136777        1.6250884 
      -1.4432052       -3.0176457      0.050709437 
      -1.6304187       -3.1378174     -0.030215913 
     -0.21672171       -1.8263270        1.3057844 
      -1.9138771       -3.5708644      -0.41250410 
      0.53631202       -1.0895260        2.0868970 
      0.14002270       -1.4093007        1.6761020 
     -0.39124004       -1.8872102        1.2093739 
     -0.80249680       -2.3966208       0.71028827 
     0.079959117       -1.5374929        1.6252978 
     -0.86577486       -2.4690084       0.66599284 
      0.17230411       -1.3743988        1.7854870 
      0.17181463       -1.3553728        1.7350641 
      0.62875243      -0.98186208        2.1835354 
    -0.064008221       -1.6295484        1.5360226 
       1.4510835      -0.16986185        2.9350130 
       2.1719608       0.67541085        3.8390470 
    0.0059638159       -1.5295875        1.5933420 
      0.86182870      -0.71285466        2.4192679 
    -0.054126022       -1.5678937        1.4965177 
     -0.86142179       -2.4640631       0.69656837 
     -0.25962203       -1.8344375        1.2976824 
     -0.69803026       -2.3108909       0.82238987 
      -1.7818139       -3.2997456      -0.11236178 
     -0.80584207       -2.3115490       0.82554009 
     -0.97125946       -2.5044356       0.58969719 
     -0.88490503       -2.3812594       0.73492573 
      -1.2419386       -2.8439161       0.25727610 
      -1.1132533       -2.6268642       0.45376331 
     -0.80798511       -2.3924279       0.71851018 
      -2.0229310       -3.5689316      -0.41845327 
     -0.87000621       -2.3696949       0.73089050 
     -0.26051486       -1.8668977        1.3107934 
     -0.75704166       -2.3279302       0.83072276 
      0.40496728       -1.1190970        1.9874914 
     -0.49455514       -2.0559519        1.0619743 
       1.1155324      -0.47991574        2.6436766 
     0.015858905       -1.5809218        1.5615482 
      0.39811694       -1.1566993        1.9250049 
       1.0244650      -0.47416432        2.6556712 
       1.2694447      -0.23376955        2.8894690 
       1.7033239       0.13665662        3.2652061 
       1.6223154      0.091503942        3.2553033 
       2.1296172       0.52638580        3.7396299 
       5.6701881        4.1598486        7.3201143 
       4.6461284        2.9905169        6.1467383 
       2.9191192        1.3482617        4.5027301 
     -0.51835562       -2.1412563        1.1038403 
      0.27581058       -1.3357135        1.8271605 
     -0.88000214       -2.3962720       0.73048879 
      -2.1801837       -3.7826171      -0.53141657 
     -0.34948260       -1.8298013        1.2698200 
     -0.96934098       -2.5785299       0.55080203 
      0.47153782       -1.1338566        1.9890772 
      -1.1885165       -2.7495552       0.37879156 
     -0.73334445       -2.2457515       0.89558154 
      0.32564151       -1.2530290        1.8884430 
      0.76422893      -0.80360855        2.3546830 
     -0.30039341       -1.8995834        1.4172661 
    -0.018249676       -2.2960811        2.3804837 
      

      0.11247938      0.028267230       0.19847312 
     -0.22008722      -0.30682158      -0.13168659 
     -0.11169334      -0.20072516     -0.029370165 
     -0.29338143      -0.37697350      -0.20596521 
      0.26341508       0.17772311       0.35069885 
     -0.20155759      -0.28799910      -0.11771888 
     0.086298890    0.00074277116       0.17454238 
     0.025007210     -0.058793617       0.11282740 
    -0.087075950      -0.17438752    -0.0052377138 
     -0.21976267      -0.30683732      -0.12841031 
   -0.0026204799     -0.099066541      0.088780957 
  -0.00053321381     -0.089079009      0.088103012 
      0.23842592       0.15073467       0.32068700 
      0.26234547       0.18048363       0.35058230 
      0.18192356      0.088637123       0.27976974 
      0.25831857       0.14943957       0.36057622 
     0.048291197     -0.041927230       0.13616319 
     -0.19910092      -0.28498983     -0.098461808 
    -0.082353548      -0.16733935     0.0078281425 
     0.065139764     -0.023709541       0.15041309 
     0.049028771     -0.048934962       0.14160686 
     -0.27845210      -0.36831156      -0.19300259 
     0.041966989     -0.051521004       0.12425497 
     -0.12577262      -0.21500996     -0.035219033 
     -0.14799980      -0.23264196     -0.054935068 
     -0.13390681      -0.22483784     -0.039641690 
     0.058456300     -0.030832595       0.14504669 
    -0.038151708      -0.12133419      0.050384324 
     -0.12706090      -0.21260732     -0.040821185 
    -0.015686505     -0.099454146      0.072508420 
    -0.064330478      -0.14963395      0.024591148 
     0.058799646     -0.027178963       0.14535737 
    -0.036458373      -0.12763130      0.047665552 
    -0.027166460      -0.11672018      0.059255188 
      0.15443277      0.067383750       0.23793499 
     0.067628485     -0.015770757       0.15349426 
      0.19240039       0.10374201       0.27413245 
     0.060589882     -0.025745710       0.14584748 
     0.084774290    -0.0015896998       0.16684205 
     0.034321421     -0.050485628       0.12021728 
     0.070318919     -0.023269665       0.15317318 
    -0.062378430      -0.14782645      0.021979119 
     0.025194651     -0.062666926       0.10945960 
    -0.034591532      -0.12130768      0.051893084 
    -0.059520415      -0.14695641      0.024882402 
     -0.10822719      -0.19419795     -0.020707960 
     0.067920587     -0.018409026       0.15047590 
      0.12401584      0.039888148       0.21397323 
     0.066821747     -0.019178798       0.15173449 
      0.12701887      0.041811689       0.21540777 
      0.14371432      0.055801895       0.23140679 
     0.038267093     -0.047928114       0.12482620 
     -0.18472494      -0.27070155     -0.099125182 
      0.12849327      0.042748866       0.21531561 
     0.046444596     -0.041986299       0.12964883 
     0.099630919      0.010897685       0.18539763 
     0.060105474     -0.023128165       0.15012555 
     0.024112389     -0.063278003       0.11599455 
      0.34041024       0.24429158       0.43317403 
      0.10333874      0.015171333       0.19363690 
      0.16118603      0.069956996       0.24802024 
     -0.21384822      -0.29806251      -0.12337075 
     -0.17810319      -0.26705254     -0.085939214 
      0.14955167      0.030426755       0.26416127 
     -0.44281358      -0.54271931      -0.34131324 
     -0.11200140      -0.20249325     -0.021731391 
     -0.14073104      -0.23147858     -0.050371340 
     -0.11076116      -0.19790226     -0.020959469 
     -0.13168735      -0.21616284     -0.046305821 
    -0.054998610      -0.14007784      0.034824073 
     0.050309159     -0.036408100       0.13707391 
     -0.10318952      -0.18871205     -0.013311023 
    -0.062511676      -0.14763534      0.025362796 
     -0.27131963      -0.37067708      -0.17895014 
     -0.23105436      -0.32590324      -0.13878180 
     0.016061110     -0.067403197       0.10985620 
   -0.0043870979     -0.096084090      0.083257601 
     -0.10775625      -0.19919215     -0.013552802 
      0.10347310      0.015997418       0.19000212 
     0.046924601     -0.038513436       0.14234656 
     0.081789465    -0.0056622331       0.16964850 
     0.098765113      0.016083497       0.19367832 
     0.040250236     -0.045529249       0.12598334 
      0.14424893      0.056280749       0.23136793 
      0.21912586       0.12480435       0.31233366 
    -0.023919200      -0.10755420      0.067474916 
      0.18583086      0.094098755       0.27305254 
      0.10183638     0.0095300966       0.19096191 
    -0.090799649      -0.17362548     0.0017849423 
     -0.36438697      -0.45038858      -0.27890108 
     -0.25844452      -0.34558337      -0.17047133 
    -0.072532782      -0.16078019      0.012229437 
    -0.079860939      -0.18268062      0.020527293 
      0.10022180     0.0079920472       0.19231477 
      0.13058677      0.036533295       0.22650303 
     0.079594508     -0.015602179       0.17390719 
    -0.049994609      -0.14200849      0.045753136 
   -0.0019843512     -0.093451153      0.089062498 
      0.10473690      0.017418583       0.19489667 
      0.14400002      0.055864508       0.23657895 
      0.16022072      0.066810886       0.25331459 
    -0.040488153      -0.13027716      0.048536599 
     -0.12818923      -0.21744243     -0.034822288 
    -0.026773566      -0.11616609      0.061530089 
      0.11179133      0.023562061       0.19991150 
    -0.037818352      -0.12869277      0.051194590 
     0.065816608     -0.029098846       0.15688211 
    0.0021228743      -0.40808797       0.39337499 
