
      0.44319596       0.41286171       0.47619608 
      0.46778657       0.20917022       0.71632908 
      0.47257761       0.21784760       0.71577695 
      0.47960445       0.22490206       0.72799508 
      0.49326122       0.22207351       0.75721852 
      0.51900266       0.23557770       0.79167416 
      0.48767242       0.21899030       0.74270468 
      0.49102070       0.22365792       0.73684905 
      0.50946846       0.22120572       0.76146689 
      0.51332873       0.23937565       0.78440687 
      0.53190179       0.23991211       0.80849000 
      0.50468672       0.24179497       0.75004330 
      0.51318433       0.25936190       0.75631325 
      0.54772136       0.26136317       0.82019847 
      0.51798622       0.25093456       0.77284893 
      0.53319576       0.26064602       0.80010673 
      0.56671440       0.26968858       0.86839959 
      0.61629078       0.30615600       0.94686275 
      0.57946058       0.29348610       0.86885271 
      0.60337680       0.30734398       0.91918751 
      0.65830287       0.31807976        1.0264159 
      0.52448945       0.26508463       0.78018764 
      0.47359959       0.23351064       0.69220904 
      0.44362699       0.21177522       0.65199700 
      0.42085277       0.19194996       0.62737237 
      0.41126939       0.17715162       0.61636055 
      0.41037076       0.18639790       0.62192742 
      0.41947808       0.18808724       0.63341164 
      0.40451000       0.17241812       0.61028918 
      0.39813662       0.13471167       0.57005107 
      0.39901967       0.13514689       0.56793395 
      0.40935443       0.13498811       0.59117136 
      0.39377258       0.13359848       0.57068353 
      0.39146076       0.13236600       0.56376666 
      0.39191721       0.13297065       0.56409680 
      0.39908558       0.13211599       0.57080725 
      0.39661799       0.13302781       0.57471841 
      0.39920221       0.13392716       0.57796192 
      0.41732745       0.12910449       0.60011035 
      0.41888443       0.12917466       0.59866458 
      0.42980440       0.13524428       0.62264548 
      0.40815073       0.13539564       0.58823865 
      0.40303450       0.13601329       0.57889833 
      0.40411373       0.13267320       0.57698459 
      0.40930185       0.16777842       0.61049504 
      0.42434739       0.18555242       0.62949009 
      0.45140915       0.19869548       0.67037240 
      0.49277626       0.22916099       0.72629062 
      0.50746878       0.25338823       0.73104828 
      0.54588152       0.27657787       0.79644468 
      0.56374797       0.28963966       0.81559284 
      0.54800263       0.28086438       0.80192510 
      0.54025707       0.27027874       0.78723219 
      0.54560680       0.28353722       0.80844650 
      0.53566233       0.25918463       0.78983913 
      0.54641926       0.27996281       0.81722494 
      0.57774833       0.28919874       0.87512993 
      0.62580046       0.28128858       0.99125722 
      0.56628341       0.26557001       0.85943321 
      0.52746167       0.24779916       0.78802739 
      0.50439723       0.23485491       0.74668522 
      0.49434002       0.22677404       0.75383208 
      0.46860106       0.21894956       0.70788439 
      0.44411374       0.18042745       0.66385654 
      0.43252454       0.18916310       0.65310230 
      0.42257792       0.18090670       0.63715658 
      0.42406863       0.19310650       0.63954973 
      0.42434712       0.18879171       0.62805439 
      0.43953124       0.20074932       0.65728981 
      0.45839700       0.20102663       0.67543912 
      0.48203086       0.22048057       0.73264302 
      0.50552698       0.23387421       0.77340012 
      0.45018694       0.20136397       0.66729786 
      0.42939031       0.18981105       0.62898413 
      0.41660058       0.18282378       0.62384543 
      0.41308038       0.17883262       0.62063130 
      0.40933646       0.16652382       0.60482272 
      0.41399895       0.19027042       0.62499940 
      0.42495110       0.19481186       0.64408832 
      0.43614149       0.19297656       0.64207363 
      0.44237466       0.20876188       0.64868027 
      0.46352689       0.22614677       0.67361840 
      0.49704718       0.24855578       0.72546933 
      0.48692974       0.23687337       0.70055287 
      0.51234377       0.25621855       0.74728038 
      0.49441261       0.24856221       0.73315324 
      0.48409027       0.23976009       0.71316090 
      0.50077600       0.24999110       0.73623339 
      0.53076460       0.26704158       0.79282913 
      0.58082969       0.28698742       0.87167085 
      0.60779410       0.31586811       0.92725854 
      0.66281693       0.34041499        1.0104630 
      0.74544919       0.37598661        1.1870985 
      0.67281499       0.31377702        1.0716587 
      0.66874425       0.31881157        1.0638954 
      0.62254920       0.26059447        1.0004301 
      0.56233344       0.27081845       0.86221856 
      0.54334246       0.25725800       0.83517864 
      0.47973563       0.19667335       0.74128826 
      0.44746028       0.18712804       0.68812275 
      0.41837870       0.13619720       0.61299386 
      0.39598194       0.13468960       0.57683590 
      0.38317447       0.13487279       0.56118571 
      0.37363124       0.13414902       0.55229090 
      0.36450155       0.12983612       0.53883936 
      0.36350068       0.12984855       0.54393066 
      0.28248438       0.12823477       0.43010430 
      0.21190611       0.12823988       0.32334695 

      0.52997535       0.48123569       0.57948746 
       1.5400299        1.3138945        1.7908222 
       1.3274692       0.84836017        1.7076875 
       1.2204445       0.65726122        1.6949455 
       1.2890883       0.70895546        1.7380600 
       1.3484085       0.71542104        1.7544936 
       1.2230116       0.55542349        1.7057628 
       1.2112914       0.52714709        1.6933605 
       1.1637148       0.46551012        1.6797645 
       1.1025649       0.46675944        1.6649975 
       1.1417895       0.49783499        1.6742551 
       1.1737913       0.53504715        1.6798503 
       1.2009303       0.54425554        1.6720970 
       1.2252100       0.55994069        1.6962030 
       1.2556371       0.54423169        1.7295192 
       1.1263688       0.43010173        1.6712888 
       1.1557643       0.44498153        1.6969332 
       1.1237855       0.45149745        1.6704981 
       1.2214101       0.58105807        1.7231968 
       1.3378363       0.77607850        1.7434400 
       1.4392067        1.0393484        1.7876645 
       1.3666374       0.89196295        1.7391803 
       1.2345027       0.65138000        1.6963479 
       1.3010188       0.70959407        1.7439474 
       1.2584947       0.61595171        1.7236578 
       1.1031322       0.42722020        1.6633367 
       1.1597803       0.42297900        1.7068031 
      0.87181614       0.16413097        1.4601688 
      0.82187524       0.16298543        1.4463625 
      0.83575398       0.16488961        1.4717665 
      0.70571627       0.15712961        1.3596660 
      0.63358066       0.15726709        1.2612092 
      0.64190547       0.15783510        1.3044904 
      0.65057135       0.15704453        1.3170420 
      0.72823288       0.15750145        1.4362850 
      0.72847811       0.15720509        1.4164922 
      0.71594915       0.15661806        1.4061610 
      0.64575190       0.15551148        1.3386375 
      0.52949338       0.15485285        1.0811065 
      0.46626761       0.15119334       0.94956223 
      0.41322360       0.15119364       0.84150086 
      0.37189251       0.15126840       0.74413544 
      0.36793433       0.15090439       0.75214320 
      0.37475143       0.15091071       0.79210417 
      0.33779692       0.14820147       0.67826308 
      0.32153241       0.14889755       0.62946194 
      0.32728568       0.15016777       0.64235011 
      0.32367320       0.15047216       0.62725947 
      0.33833712       0.15154882       0.65817342 
      0.35191513       0.15159410       0.68431362 
      0.38117847       0.15112064       0.75320722 
      0.43087004       0.15458606       0.87883122 
      0.46347304       0.15417704       0.93021468 
      0.54982190       0.15455467        1.0961294 
      0.65575630       0.15715560        1.3018482 
      0.81735424       0.16017988        1.5042867 
      0.94336016       0.25972721        1.6313951 
       1.0403644       0.34856783        1.6664439 
       1.1451414       0.44445401        1.6949188 
       1.2535783       0.62213071        1.7414253 
       1.3355473       0.76269034        1.7631906 
       1.3372936       0.79383772        1.7492584 
       1.2601407       0.71536636        1.7311951 
       1.3075958       0.72376279        1.7336515 
       1.0097769       0.39216503        1.6175646 
      0.98465654       0.34065591        1.6107695 
      0.96558368       0.28884366        1.5804660 
       1.0255085       0.29607915        1.6296216 
       1.0050211       0.25622563        1.6185286 
       1.0918788       0.24748062        1.6594579 
       1.0431715       0.16329810        1.5711381 
      0.89062943       0.15929797        1.5201862 
      0.84832945       0.15777534        1.5195327 
      0.60881364       0.14806951        1.2189523 
      0.50412915       0.14848278        1.0352626 
      0.39552036       0.14799730       0.76609686 
      0.35078147       0.14842511       0.65593264 
      0.31997464       0.15016393       0.58026858 
      0.30004446       0.15000349       0.53155760 
      0.28496013       0.15155123       0.49569809 
      0.28600267       0.15052631       0.50071581 
      0.29192636       0.14901519       0.52269413 
      0.30332578       0.14825134       0.55161316 
      0.31620392       0.14934515       0.59420281 
      0.32219674       0.14972564       0.61964553 
      0.35065448       0.15115557       0.71559498 
      0.40217979       0.15020215       0.88057003 
      0.46661004       0.14970658        1.1152383 
      0.51421357       0.15015000        1.3038234 
      0.55263525       0.15047212        1.4373970 
      0.59516703       0.15099198        1.5557566 
      0.64085533       0.15335673        1.6115269 
      0.58667968       0.15147426        1.5711612 
      0.44382794       0.15114156        1.0843462 
      0.41941938       0.15187419        1.0225193 
      0.37274625       0.15223736       0.83287382 
      0.36695824       0.15159953       0.81578433 
      0.35768700       0.15224732       0.77943735 
      0.35092102       0.15437599       0.74765831 
      0.34448294       0.15458690       0.72269487 
      0.33975321       0.15482781       0.69436143 
      0.32441701       0.15558949       0.64355042 
      0.30045976       0.15573487       0.56295759 
      0.26312891       0.15599021       0.44284562 
      0.22642910       0.15724006       0.33485975 
      0.20592738       0.15838798       0.26821972 
      0.19030533       0.15800649       0.21416624 
      0.18189892       0.16210289       0.19842188 

      0.17924119       0.16465994       0.19433182 
      0.19019810      0.080018661       0.29692697 
      0.18318419      0.081867679       0.28233865 
      0.18756710      0.077394820       0.29079581 
      0.18512560      0.070196474       0.29210171 
      0.19923863      0.069024145       0.32803466 
      0.18408787      0.055778014       0.29051607 
      0.20132691      0.065735197       0.33023791 
      0.21051206      0.068221674       0.33798737 
      0.20500838      0.061632292       0.32490463 
      0.17616451      0.055959785       0.26922442 
      0.17928026      0.056114848       0.27266513 
      0.17998436      0.065124117       0.28144217 
      0.17256056      0.063156192       0.26898737 
      0.17457850      0.066916950       0.28052198 
      0.17032956      0.055931210       0.26162861 
      0.17485476      0.055907023       0.27506897 
      0.16188646      0.054837269       0.24899258 
      0.17269897      0.055639172       0.26915079 
      0.16915655      0.055127755       0.25944892 
      0.18727457      0.069172404       0.30329498 
      0.19763757      0.068609523       0.32199566 
      0.21704003      0.057543296       0.35008636 
      0.23524779      0.057891282       0.39077159 
      0.23663624      0.054346859       0.40149512 
      0.24521232      0.053953996       0.42692825 
      0.21103078      0.053627967       0.35470884 
      0.23483254      0.059246606       0.39781815 
      0.19848119      0.053616706       0.32372216 
      0.21301768      0.053230178       0.34977060 
      0.19275322      0.053375061       0.32228551 
      0.20384521      0.053462184       0.35848896 
      0.15550886      0.053241993       0.25038107 
      0.14831980      0.053795545       0.23315331 
      0.14193393      0.053915358       0.21927078 
      0.14523214      0.054057889       0.22557592 
      0.15063706      0.054040623       0.23291587 
      0.15470493      0.054541877       0.23889736 
      0.15836501      0.054754436       0.24650910 
      0.14280828      0.054314774       0.22055905 
      0.14131409      0.054299201       0.22143413 
      0.13308332      0.052788947       0.20515218 
      0.13955218      0.053657935       0.21592473 
      0.15064880      0.054028019       0.23270501 
      0.16043242      0.054232850       0.24655228 
      0.16202515      0.053811325       0.24799398 
      0.17533269      0.054350408       0.26878971 
      0.17593685      0.054493434       0.26943071 
      0.17566902      0.054816210       0.26963864 
      0.17317673      0.054681735       0.26630989 
      0.17349695      0.058488393       0.27165045 
      0.16351142      0.055367078       0.25004645 
      0.16059686      0.054659418       0.24617986 
      0.15487774      0.053844814       0.23711440 
      0.15988985      0.054739221       0.24749986 
      0.16130074      0.054860132       0.24968512 
      0.16803864      0.054875426       0.26125340 
      0.17837595      0.054467604       0.28100653 
      0.17836415      0.054084017       0.28231085 
      0.17427615      0.053609599       0.27230958 
      0.19098089      0.053963073       0.30359898 
      0.21503564      0.053692191       0.35504754 
      0.19706348      0.053117890       0.33969819 
      0.19894373      0.053002756       0.35381061 
      0.21987671      0.053323011       0.42479095 
      0.17588815      0.053595072       0.30597415 
      0.18356119      0.053404023       0.31106231 
      0.17349334      0.052774616       0.28680446 
      0.16287835      0.052854900       0.26471356 
      0.17587261      0.053385953       0.27612795 
      0.17931402      0.054111358       0.28290986 
      0.17897089      0.054083227       0.28068378 
      0.19926312      0.067971136       0.31511133 
      0.21676974      0.071162209       0.34561755 
      0.20809369      0.055568086       0.33142561 
      0.21536411      0.069317532       0.33909746 
      0.20479108      0.075024538       0.32107303 
      0.19831798      0.073824062       0.30834343 
      0.19396256      0.074032144       0.30240394 
      0.19298090      0.069118693       0.30186271 
      0.20317959      0.069018048       0.31905788 
      0.21445617      0.070263566       0.33850262 
      0.22201180      0.075884049       0.35306134 
      0.22853694      0.076220447       0.36042727 
      0.22907725      0.083365638       0.36350659 
      0.21892833      0.084523163       0.34670029 
      0.23104142      0.090269217       0.36639234 
      0.25177065      0.092816917       0.40229114 
      0.26071253      0.095277361       0.41554075 
      0.27056315       0.10069862       0.43712308 
      0.28312282       0.10705353       0.46275498 
      0.31172308       0.15821088       0.52203252 
      0.37169017       0.20748773       0.55123145 
      0.43522555       0.27489948       0.56695350 
      0.48499844       0.36105957       0.57852256 
      0.47084324       0.32958300       0.57625637 
      0.33056649       0.16490817       0.52948179 
      0.29824171       0.13640938       0.49909949 
      0.28202873       0.11334486       0.46842859 
      0.29695005       0.14347107       0.50682355 
      0.24389649      0.090333246       0.41417990 
      0.23125815      0.083166945       0.38562654 
      0.20708426      0.076146459       0.33674527 
      0.18491569      0.066969179       0.29185260 
      0.15221158      0.056249551       0.23089481 
      0.13675198      0.054676641       0.20378492 
      0.11917714      0.055701164       0.17707846 
      0.10009238      0.053780947       0.14099081 

      0.58575894       0.51366580       0.67901076 
      0.98306856       0.44294593        1.6910216 
      0.87915532       0.31864173        1.6380215 
      0.82022779       0.17593488        1.5001139 
      0.77221420       0.16903771        1.4569479 
      0.78262378       0.17088121        1.5321716 
      0.80991960       0.17102338        1.5915597 
      0.72947710       0.16961032        1.4811676 
      0.66107173       0.16759654        1.2819361 
      0.59301326       0.16958025        1.1224815 
      0.58064273       0.16873556        1.0970826 
      0.59538882       0.16860608        1.1330017 
      0.62449272       0.16973418        1.2196883 
      0.65746258       0.17040916        1.2638309 
      0.72383147       0.17074128        1.3882044 
      0.78850519       0.17140238        1.4775359 
      0.88073561       0.17440990        1.5834717 
      0.85924082       0.17211765        1.5670896 
      0.94733249       0.18264723        1.6328248 
      0.91687182       0.17514863        1.5947638 
      0.78765968       0.16660334        1.4017689 
      0.69824634       0.16669736        1.2537293 
      0.67702426       0.16234034        1.2404015 
      0.67731268       0.16532755        1.2823343 
      0.68706196       0.16417998        1.3559648 
      0.70939543       0.16330247        1.4764121 
      0.64875928       0.16096440        1.3854135 
      0.60601947       0.16305358        1.2695063 
      0.51706588       0.16334979        1.0141087 
      0.48054549       0.16178515       0.92274050 
      0.45231534       0.16253154       0.84987236 
      0.44154005       0.16342464       0.83238014 
      0.43671857       0.16422723       0.82054143 
      0.44047608       0.16234573       0.84192210 
      0.42103846       0.16349619       0.80723053 
      0.39432458       0.16351231       0.74420363 
      0.37472458       0.16384838       0.71009276 
      0.36347929       0.16440421       0.68542847 
      0.35809677       0.16396641       0.68091105 
      0.34956960       0.16472901       0.65946195 
      0.34996047       0.16273202       0.66167836 
      0.35452846       0.16479601       0.67885737 
      0.35474147       0.16595629       0.68218151 
      0.35888140       0.16625014       0.68142172 
      0.37172228       0.16633622       0.70927443 
      0.38961822       0.16630575       0.74894741 
      0.39748026       0.16681540       0.76009161 
      0.40742574       0.16664794       0.77396981 
      0.42507140       0.16696000       0.80072906 
      0.43313105       0.16841094       0.81634368 
      0.43898191       0.16860351       0.81510800 
      0.45107439       0.16816251       0.83212306 
      0.46117731       0.16892775       0.85422533 
      0.47349258       0.16876099       0.87118582 
      0.48836681       0.16640000       0.89831552 
      0.51361500       0.16891741       0.94314948 
      0.55544986       0.16728668        1.0340656 
      0.59212744       0.16852284        1.1193974 
      0.62098467       0.16803791        1.2121841 
      0.63668518       0.16850827        1.2113563 
      0.66878774       0.16890517        1.2703048 
      0.68166848       0.16969084        1.2820547 
      0.71476133       0.17011542        1.3175080 
      0.78573490       0.16900947        1.4496059 
      0.89909293       0.17166782        1.6565759 
      0.94656361       0.17614806        1.6900143 
      0.84588786       0.17168733        1.5687903 
      0.78384583       0.17053976        1.4428510 
      0.73782755       0.17062868        1.3363495 
      0.74298201       0.17129277        1.3508108 
      0.74605779       0.17262067        1.3928098 
      0.73708292       0.16992005        1.4152172 
      0.70186053       0.17149777        1.2883490 
      0.72185683       0.17402726        1.3047643 
      0.77545987       0.17442317        1.3780056 
      0.86465757       0.17563592        1.5187733 
      0.90651430       0.18181435        1.5516075 
      0.95072571       0.36281899        1.7100657 
       1.0149802       0.41498287        1.7459487 
      0.99941237       0.40497080        1.7397823 
      0.96982827       0.36899806        1.7238011 
      0.95744443       0.34729464        1.7195194 
      0.95327708       0.34069815        1.7184167 
      0.98228922       0.35861255        1.7397119 
      0.99047335       0.35577220        1.7415369 
      0.97821898       0.33360449        1.7336599 
      0.94539521       0.31346387        1.7459885 
      0.93012874       0.30005382        1.7125701 
      0.97835344       0.34552403        1.7480259 
       1.0486246       0.40812046        1.7684115 
       1.1826744       0.52007114        1.8232617 
       1.3544639       0.69265697        1.8862686 
       1.5713840        1.0198198        2.0195674 
       1.3857146       0.71281928        1.9192742 
       1.3638257       0.67721640        1.9021762 
       1.3876962       0.66099016        1.8979832 
       1.3642022       0.67096968        1.8974166 
       1.3257592       0.62151689        1.8514920 
       1.3389463       0.66324628        1.8592944 
       1.4189550       0.77214963        1.8961073 
       1.3014871       0.64436812        1.8433312 
       1.1806559       0.49796227        1.7966576 
      0.95853574       0.29503106        1.6924348 
      0.80046152       0.17405473        1.4411523 
      0.57854907       0.16840917        1.0459054 
      0.42406961       0.16682184       0.75559120 
      0.31096737       0.16656657       0.51528039 
      0.22566318       0.16728385       0.29943572 

      0.52920151       0.43591281       0.57727895 
      0.70877435       0.30375279        1.3012278 
      0.72139460       0.38948357        1.3160774 
      0.71379959       0.39123655        1.3156948 
      0.71264514       0.39147543        1.3138470 
      0.70350112       0.39414115        1.3176871 
      0.73108225       0.41306367        1.3386019 
      0.74748055       0.42637810        1.3574141 
      0.74794547       0.41903454        1.3559861 
      0.77737090       0.42695274        1.3663218 
      0.70529046       0.38221503        1.2995653 
      0.69704495       0.38342460        1.2883499 
      0.66541812       0.36517943        1.2519641 
      0.65939605       0.35892283        1.2525725 
      0.65871725       0.19640803        1.1035392 
      0.63144396       0.15519216        1.0035271 
      0.62661709       0.15654842       0.99652919 
      0.60054166       0.14580455       0.91562800 
      0.60956437       0.14230570       0.92073008 
      0.61896189       0.13852266       0.92524804 
      0.60096574       0.13996539       0.89961472 
      0.59063066       0.13758275       0.87504899 
      0.56509334       0.13644857       0.81290640 
      0.57622605       0.14111363       0.81159324 
      0.57268378       0.13889081       0.79646917 
      0.57027277       0.13914054       0.78678157 
      0.56079820       0.14217914       0.77651075 
      0.55088020       0.14118701       0.75963970 
      0.54879088       0.14519018       0.76101627 
      0.54922339       0.13808558       0.76132739 
      0.54606813       0.14079943       0.75977742 
      0.53810749       0.13879957       0.75113803 
      0.54548563       0.13797788       0.76409532 
      0.54734666       0.13523279       0.76678130 
      0.56872677       0.13533550       0.81281235 
      0.59826941       0.13617104       0.87370645 
      0.58945369       0.13600175       0.87093438 
      0.61348375       0.13503110       0.92644642 
      0.60849927       0.13352689       0.93481482 
      0.59205190       0.13375452       0.90703783 
      0.58255829       0.13284906       0.88894612 
      0.56746319       0.13496206       0.85089615 
      0.57096049       0.13488917       0.84444532 
      0.59020142       0.13556509       0.84612536 
      0.58119589       0.13585676       0.82743639 
      0.56825420       0.13404770       0.79811545 
      0.57893973       0.13455214       0.80692746 
      0.58301763       0.13915150       0.81027001 
      0.58279187       0.16737690       0.83191069 
      0.58987012       0.18810419       0.85265044 
      0.58900256       0.18629532       0.85925138 
      0.58860193       0.16812860       0.84904284 
      0.58722033       0.15076944       0.84519832 
      0.61768038       0.14060858       0.89161416 
      0.61403466       0.13518926       0.90797660 
      0.62716551       0.13437925       0.96741077 
      0.66287172       0.13308553        1.0932698 
      0.69715445       0.30107172        1.3535429 
      0.65363058       0.13015264        1.1613444 
      0.67315744       0.13452110        1.1803505 
      0.65682114       0.13216477        1.1599159 
      0.63342259       0.13218915        1.1038659 
      0.61203289       0.12902499        1.0311519 
      0.62618475       0.12891407        1.0532240 
      0.57794402       0.12938249       0.90658715 
      0.56065332       0.12752016       0.82387479 
      0.56657239       0.12577533       0.81015299 
      0.56614008       0.13316510       0.80010834 
      0.55476245       0.13085167       0.77608974 
      0.55294397       0.13095362       0.77576935 
      0.53914085       0.13381336       0.75825165 
      0.51647316       0.13357977       0.72118579 
      0.52455695       0.13289365       0.72932054 
      0.51600350       0.13336203       0.71847479 
      0.51764365       0.13166913       0.72477975 
      0.50607781       0.13488441       0.71183874 
      0.51105694       0.12935888       0.71403103 
      0.49915258       0.12930507       0.69848279 
      0.49723013       0.12951160       0.69835518 
      0.47506851       0.12968607       0.66730712 
      0.48188936       0.12979506       0.67513377 
      0.49039950       0.12939958       0.68304000 
      0.49672466       0.13108428       0.69589645 
      0.50377266       0.13031446       0.70408678 
      0.49192437       0.12986804       0.68684925 
      0.49613127       0.12973682       0.69032206 
      0.50024786       0.13251854       0.69681654 
      0.51466052       0.13066750       0.71768534 
      0.52117501       0.12973298       0.72753960 
      0.51921885       0.13017563       0.73179368 
      0.53335360       0.12748479       0.75221883 
      0.54099685       0.12546458       0.77466770 
      0.54367982       0.12556257       0.79667193 
      0.52553352       0.12546171       0.77152392 
      0.51458625       0.12730612       0.75198388 
      0.52065305       0.12602783       0.75080038 
      0.53794766       0.12647697       0.78168314 
      0.56063179       0.12527780       0.81855927 
      0.55984591       0.12662778       0.81745509 
      0.55736748       0.12696959       0.81123084 
      0.56064043       0.12718388       0.81390092 
      0.53444226       0.12844552       0.76527438 
      0.52716728       0.12681544       0.74500232 
      0.50914044       0.12993685       0.71527602 
      0.46748845       0.13027178       0.65586626 
      0.46120163       0.13265244       0.65459842 
      0.42189053       0.13289534       0.60065019 
      0.35014903       0.13478190       0.49796230 

      0.51349277       0.46622857       0.54469997 
      0.48066087       0.20468167       0.76871673 
      0.51296192       0.24098053       0.76979725 
      0.51158702       0.25555243       0.76287997 
      0.51779000       0.25205883       0.76867976 
      0.54688707       0.22841358       0.82891922 
      0.51352383       0.24528579       0.78818437 
      0.53498994       0.25556523       0.79546644 
      0.53726729       0.25351487       0.81395213 
      0.55532074       0.25985528       0.83947313 
      0.54255557       0.25764571       0.82166098 
      0.57800484       0.25731795       0.88238000 
      0.51932033       0.25334444       0.78545813 
      0.54370263       0.25793497       0.80385973 
      0.55922233       0.26295111       0.82586111 
      0.55517466       0.25398483       0.82521303 
      0.59569058       0.27740766       0.89512637 
      0.59512601       0.26112517       0.89511730 
      0.62366702       0.28366500       0.95221534 
      0.61211178       0.27592881       0.94136111 
      0.63315950       0.26218850        1.0035348 
      0.68535208       0.26846292        1.1595585 
      0.53424225       0.26232693       0.81822215 
      0.54846753       0.28376936       0.81282805 
      0.54451176       0.27811718       0.80549483 
      0.53912576       0.27875070       0.80181362 
      0.54430977       0.25568228       0.80777787 
      0.55520700       0.27820612       0.82501151 
      0.53550965       0.26548182       0.80276179 
      0.53958245       0.23967222       0.80480098 
      0.51510558       0.23216986       0.77258134 
      0.51062997       0.25385267       0.77988930 
      0.53482907       0.24505457       0.79899645 
      0.55835725       0.27461219       0.84165296 
      0.55658733       0.27064654       0.83608452 
      0.61256939       0.27721628       0.93694042 
      0.52432801       0.24006967       0.79515295 
      0.55767932       0.26566390       0.82690332 
      0.57917477       0.26313675       0.89885951 
      0.50555992       0.21980149       0.78531372 
      0.49385841       0.21910423       0.74814421 
      0.50827763       0.23393235       0.77234966 
      0.51416732       0.21995699       0.78493493 
      0.53363283       0.23440122       0.80621617 
      0.52818624       0.24721488       0.79627895 
      0.52090577       0.24575170       0.77118913 
      0.51138952       0.24043153       0.76404635 
      0.52547659       0.23073783       0.79416083 
      0.55167752       0.21665552       0.83033590 
      0.50519305       0.22542257       0.79702697 
      0.50586741       0.22350337       0.76865955 
      0.53431170       0.22559400       0.83132917 
      0.50943385       0.20814005       0.78875548 
      0.54258553       0.21845394       0.81792621 
      0.51575325       0.23926024       0.78519593 
      0.54302793       0.25011614       0.83100770 
      0.57152657       0.26284936       0.86886355 
      0.57795835       0.24748786       0.88099708 
      0.70789630       0.26654001        1.1832147 
      0.64786370       0.25598877        1.0186587 
      0.57964417       0.26602372       0.89000979 
      0.52589276       0.24678143       0.80457425 
      0.51572108       0.22319823       0.77972473 
      0.51990458       0.19881226       0.79635570 
      0.49628159       0.14313497       0.71941976 
      0.48496484       0.14369928       0.69265936 
      0.49662838       0.14028874       0.70612924 
      0.50281901       0.14279902       0.71058911 
      0.50508975       0.18589758       0.75402958 
      0.49673936       0.14295333       0.70907919 
      0.48477433       0.14414329       0.69450797 
      0.50279028       0.13653392       0.71855495 
      0.51517457       0.14429110       0.74058218 
      0.50828661       0.20695507       0.78361535 
      0.49460952       0.14000197       0.70163146 
      0.50167062       0.18643214       0.75502538 
      0.51611139       0.14364977       0.74712190 
      0.48432164       0.14075495       0.70453940 
      0.48075590       0.14048918       0.69261202 
      0.49138329       0.19835345       0.75334690 
      0.51251426       0.20525637       0.77517036 
      0.54351838       0.23208773       0.85045062 
      0.56537650       0.23457456       0.85398806 
      0.55296292       0.22375516       0.85515354 
      0.49040434       0.19564902       0.75255795 
      0.49841984       0.21492523       0.75366095 
      0.50940301       0.22694422       0.76617503 
      0.53091081       0.25441139       0.78512038 
      0.53425665       0.25959605       0.79068283 
      0.53800500       0.27039444       0.79844258 
      0.58629262       0.26689602       0.88358157 
      0.64443772       0.26673047       0.99608805 
      0.70220947       0.27983649        1.1448697 
      0.84026775       0.40295408        1.4211026 
      0.65567649       0.23194063        1.0778127 
      0.83775026       0.39539721        1.3895238 
      0.77657008       0.36540437        1.3697845 
      0.70785817       0.29274137        1.2467496 
      0.67748011       0.26945023        1.1898969 
      0.67537725       0.24259451        1.1395614 
      0.66109548       0.25953089        1.1100010 
      0.67402082       0.25738276        1.1395248 
      0.52874758       0.26223583       0.81089377 
      0.53339470       0.26445340       0.78443183 
      0.53395075       0.24368568       0.79591193 
      0.50740452       0.20455995       0.76019459 
      0.44698113       0.15133868       0.70143835 
      0.23322118       0.15099925       0.32136369 

      0.89943564       0.78876345        1.1360509 
       1.6672485       0.76180681        2.6442687 
       1.4547964       0.59170326        2.6064531 
       1.3722010       0.43260322        2.5411777 
       1.2527714       0.25899317        2.3346044 
       1.1755988       0.24993743        2.2695360 
       1.1578155       0.25063721        2.3009860 
       1.0545563       0.24798121        2.1131309 
      0.98308469       0.23946547        1.9130679 
      0.94253690       0.24401732        1.8066475 
      0.92170879       0.24554982        1.7719374 
      0.91231492       0.24478819        1.7730873 
      0.91860148       0.24337755        1.8466645 
      0.92758207       0.23998348        1.9275542 
      0.93051448       0.23776507        2.0336359 
      0.90610472       0.23894257        1.9774349 
      0.93144195       0.24076540        2.1339827 
      0.86078272       0.24015639        1.8287487 
      0.85654484       0.24302432        1.8134151 
      0.86368472       0.24035024        1.8319728 
      0.86825009       0.24140007        1.9103950 
      0.85225401       0.23895444        1.8500683 
      0.83993252       0.23978126        1.8141104 
      0.81276054       0.24057793        1.6387045 
      0.79445105       0.24211038        1.5738207 
      0.76524190       0.24225057        1.4689930 
      0.77612509       0.24267975        1.5070110 
      0.77186325       0.24444495        1.4833311 
      0.80119347       0.24716007        1.5433312 
      0.82365214       0.24562144        1.5713914 
      0.85313717       0.24892232        1.6208450 
      0.92023412       0.24142672        1.7975070 
      0.97932753       0.24476458        1.9658263 
       1.0445159       0.24293144        2.1828561 
       1.1336353       0.24862232        2.3842214 
       1.1336231       0.24574893        2.3677182 
       1.1761162       0.25425287        2.4386564 
       1.1383623       0.24818412        2.4106908 
       1.0185822       0.24019294        2.1088565 
      0.98557166       0.24055942        1.9847137 
      0.94964765       0.24063993        1.8679917 
      0.95027580       0.24274443        1.8721067 
       1.0053270       0.23845573        2.1197726 
       1.0472781       0.24394946        2.2778869 
      0.96544601       0.24337025        2.0069237 
      0.95089796       0.24466778        1.9774585 
      0.96204774       0.24594825        2.0720158 
      0.89548241       0.24564091        1.8805687 
      0.88684697       0.24217653        1.8314569 
      0.88352259       0.24451788        1.8646070 
      0.86739621       0.24701180        1.8248668 
      0.90173112       0.24337748        1.9656743 
      0.90784764       0.24541758        2.0253913 
      0.91142319       0.24377360        2.0077604 
      0.89250324       0.23984683        1.9407266 
      0.87184306       0.24506009        1.8043280 
      0.83360299       0.24971458        1.6483565 
      0.81898978       0.24465952        1.6192034 
      0.82673474       0.24573065        1.6665063 
      0.82041492       0.24771950        1.6416589 
      0.80130368       0.24764213        1.5816875 
      0.78887581       0.24817856        1.5558764 
      0.78432463       0.24699449        1.5291479 
      0.80169356       0.24714694        1.5944805 
      0.77813040       0.24980240        1.5195047 
      0.78383593       0.24974133        1.5144042 
      0.79318493       0.25161288        1.5179345 
      0.81333511       0.25290918        1.5494512 
      0.84650482       0.24930019        1.6346574 
      0.90677378       0.24820080        1.8614863 
      0.96396045       0.25154165        2.1183741 
       1.0553767       0.25681420        2.4417939 
       1.0778519       0.25808845        2.4168446 
       1.0902684       0.25840830        2.4079113 
       1.1525369       0.26095241        2.4613123 
       1.1580908       0.26179513        2.4458523 
       1.1342654       0.25378554        2.2766135 
       1.1476289       0.25996749        2.2043154 
       1.2133522       0.26419586        2.3072541 
       1.3416574       0.42176577        2.5943355 
       1.4982249       0.53529932        2.6763608 
       1.6407600       0.62066740        2.7186784 
       1.6639999       0.64100245        2.7345237 
       1.6107927       0.61195703        2.7114527 
       1.6186734       0.62992274        2.7098519 
       1.6706375       0.65760723        2.7253266 
       1.7020156       0.69460638        2.7423907 
       1.7837402       0.75307308        2.7561101 
       1.9223877       0.85055919        2.7787707 
       2.0277577       0.91852143        2.7755629 
       2.1619485       0.99928255        2.8105472 
       2.2647282       0.98505160        2.8474521 
       2.2966646       0.94989771        2.8760323 
       2.1347196       0.87407606        2.7748274 
       2.1026433       0.92681991        2.7777651 
       2.0765524       0.86950101        2.7692356 
       1.9788201       0.89734265        2.7468530 
       1.8411136       0.83637726        2.7103044 
       1.7969652       0.76866554        2.6764993 
       1.6648568       0.63817431        2.6361620 
       1.6004587       0.53557253        2.6185329 
       1.4786060       0.41371005        2.5824210 
       1.4021686       0.25981204        2.4542831 
       1.2982182       0.25635462        2.4272030 
       1.1576550       0.25311342        2.3811548 
       1.0555144       0.25253199        2.3504953 
      0.77883972       0.24461618        1.6559771 
      0.43709073       0.24892853       0.74258872 

     0.089648662      0.085554016      0.094189191 
     0.078140589      0.029865115       0.12104995 
     0.095132715      0.042836711       0.14596701 
      0.11941799      0.057386882       0.18249193 
      0.12622614      0.058882885       0.19191140 
      0.14196860      0.070474130       0.21306616 
      0.12698873      0.063856531       0.18694623 
      0.13360782      0.069492287       0.19569990 
      0.14908960      0.076096095       0.22155901 
      0.13751045      0.066929820       0.20723019 
      0.11488734      0.058669484       0.17105828 
      0.11221051      0.054648378       0.16329471 
      0.11439189      0.056003857       0.17078176 
      0.12163781      0.058247440       0.18401312 
      0.11043256      0.056655622       0.16051915 
      0.10079506      0.051382233       0.14442238 
     0.094316819      0.050030081       0.13595063 
     0.092423974      0.047398293       0.13435585 
     0.093058469      0.048566402       0.13926976 
     0.097461894      0.049233730       0.14446463 
      0.10176514      0.053526545       0.15038235 
      0.10226098      0.051736259       0.14857071 
     0.091826074      0.049085267       0.13330677 
     0.091960968      0.050780584       0.13288488 
     0.093376972      0.051233668       0.13658651 
     0.083864804      0.045564380       0.12130490 
     0.083450060      0.045556861       0.12169631 
     0.082954873      0.045024881       0.12021548 
     0.080846037      0.042217033       0.11756747 
     0.079090811      0.040926706       0.11528151 
     0.081482069      0.042936535       0.12061096 
     0.081720099      0.042091741       0.12110146 
     0.085256394      0.041710244       0.12617697 
     0.078692890      0.036824954       0.11614905 
     0.077055901      0.037068795       0.11352173 
     0.077600163      0.040697550       0.11450863 
     0.076104352      0.036803838       0.11314402 
     0.076997414      0.035522078       0.11471728 
     0.077200209      0.036743739       0.11551665 
     0.076836255      0.036262029       0.11320941 
     0.075514484      0.035056780       0.11097159 
     0.075367882      0.037111619       0.11203513 
     0.073685020      0.035980803       0.10955203 
     0.073522310      0.035908574       0.11013638 
     0.073019318      0.032894363       0.10869346 
     0.072726132      0.034986408       0.11076668 
     0.072637634      0.035049895       0.11027846 
     0.075692298      0.037993034       0.11392718 
     0.078510906      0.038625374       0.11582999 
     0.082927749      0.040432345       0.12323978 
     0.091638547      0.044563061       0.13583029 
      0.10087302      0.050609688       0.15031658 
      0.10975925      0.057814952       0.16120555 
     0.095469843      0.052810695       0.13920596 
     0.095176968      0.052421285       0.13806819 
     0.095082998      0.048098916       0.13963707 
     0.098717324      0.049323058       0.14650068 
      0.10328540      0.046504179       0.15631393 
      0.11259989      0.050202224       0.17441066 
      0.11677494      0.048803726       0.17963310 
      0.12111838      0.053998492       0.18550581 
      0.11818480      0.057754899       0.17649675 
      0.11554241      0.059982452       0.17501551 
      0.11022298      0.052729822       0.16485074 
      0.11428048      0.054564801       0.17265228 
     0.095669593      0.051088564       0.14102981 
     0.092866299      0.049946255       0.13320218 
     0.092302246      0.048851321       0.13227980 
     0.093137229      0.050842229       0.13617145 
     0.085551210      0.045647941       0.12314170 
     0.085849884      0.046819482       0.12658250 
     0.087388535      0.043735797       0.12758929 
     0.087919582      0.042911747       0.13119082 
     0.089955424      0.041264197       0.13538945 
     0.094010176      0.042425031       0.14320325 
     0.081526080      0.035919850       0.12520277 
     0.077313042      0.036461455       0.11762041 
     0.074921235      0.035531805       0.11187879 
     0.073996746      0.034859877       0.11013673 
     0.072175745      0.033911337       0.10661826 
     0.073433369      0.036377733       0.10818575 
     0.075614315      0.036885311       0.10968820 
     0.077498591      0.037570957       0.11259280 
     0.080022590      0.039803318       0.11856444 
     0.084873846      0.044361718       0.12633448 
     0.090199249      0.044038435       0.13328964 
      0.10015256      0.047103565       0.14808503 
      0.11429765      0.056020013       0.17226933 
      0.13512122      0.063744247       0.20458719 
      0.16412993      0.090815244       0.26579713 
      0.16007317      0.091835220       0.26175327 
      0.17166268       0.10429829       0.26694122 
      0.20238986       0.12760696       0.27720057 
      0.15345096      0.079670165       0.22504836 
      0.14113384      0.069163888       0.20541778 
      0.13666749      0.067468270       0.20803783 
      0.12489751      0.052213481       0.19065516 
      0.10901953      0.048139609       0.16655131 
     0.096882079      0.046437851       0.14452646 
     0.087922709      0.044131624       0.13010382 
     0.081607424      0.040721310       0.12024191 
     0.077968540      0.038695555       0.11475313 
     0.074572832      0.037605740       0.11078152 
     0.070954769      0.035221895       0.10531298 
     0.068375631      0.033434451      0.099931278 
     0.065167594      0.033290921      0.096385741 
     0.061397297      0.032033263      0.088841691 
     0.056849423      0.033573456      0.079721938 
