      
      0.45988935       0.44021807       0.47831686 
      0.35227929       0.18454787       0.51863063 
      0.41877704       0.23256868       0.56783333 
      0.41427441       0.23748951       0.55984524 
      0.43766597       0.25460390       0.58164475 
      0.47100123       0.25187576       0.64761034 
      0.42214175       0.23634134       0.58216182 
      0.44125677       0.25737205       0.58751205 
      0.45564412       0.27659987       0.61407014 
      0.45417109       0.27539555       0.60556073 
      0.46665821       0.28688862       0.63609956 
      0.45623971       0.27125713       0.60096219 
      0.47036415       0.29970164       0.62848898 
      0.55228780       0.30743431       0.79649744 
      0.45338392       0.26493761       0.62455634 
      0.46175078       0.27564034       0.62612304 
      0.51930027       0.30695528       0.74338382 
      0.53092559       0.30580086       0.76900898 
      0.48382716       0.27615089       0.67053007 
      0.53390537       0.33490761       0.76326378 
      0.68997843       0.37805624        1.1197991 
      0.62772903       0.28162019        1.0720032 
      0.45255342       0.22378730       0.66209700 
      0.44935390       0.24412199       0.62293777 
      0.42974892       0.24317862       0.59586379 
      0.43044171       0.24693883       0.59418069 
      0.42871885       0.24580664       0.59209514 
      0.44541522       0.26908612       0.60622835 
      0.44826919       0.27338670       0.60285716 
      0.45384391       0.27093229       0.61168874 
      0.45294370       0.26559833       0.60755384 
      0.43975897       0.24969515       0.59971995 
      0.45714791       0.25771114       0.61968186 
      0.44946245       0.27023332       0.60152894 
      0.44609078       0.27052582       0.60337699 
      0.44797568       0.25678395       0.60251421 
      0.43391008       0.24706268       0.57381317 
      0.44641112       0.26591399       0.60880591 
      0.43567814       0.25121402       0.59521510 
      0.45752585       0.26736145       0.62860144 
      0.44008230       0.25588832       0.59978248 
      0.46296252       0.27154403       0.62592231 
      0.46708046       0.27401983       0.65328664 
      0.48119923       0.29720125       0.65783997 
      0.46876915       0.29801186       0.61291038 
      0.47297831       0.29833564       0.62771143 
      0.49586923       0.31536853       0.66920453 
      0.54666848       0.31984637       0.76347012 
      0.55550295       0.32609808       0.79340196 
      0.54598026       0.31600465       0.76716300 
      0.53312065       0.31561491       0.75567521 
      0.51765209       0.32009387       0.72847806 
      0.51304723       0.32175399       0.71570335 
      0.52349052       0.33048021       0.74445690 
      0.52273975       0.32204576       0.73570806 
      0.51528702       0.33508198       0.72234928 
      0.54000937       0.32657949       0.75934970 
      0.57604150       0.31247021       0.85348145 
      0.48552453       0.26485962       0.66278266 
      0.50296925       0.31425282       0.69619173 
      0.50493874       0.31021637       0.68831294 
      0.51898348       0.29679608       0.73529182 
      0.43750988       0.26657292       0.59362519 
      0.45001281       0.27626309       0.60838463 
      0.44958329       0.26556073       0.60874672 
      0.45254513       0.26841543       0.62372390 
      0.47026650       0.29980513       0.63881303 
      0.46806101       0.28719304       0.61217244 
      0.47391339       0.30435183       0.65601790 
      0.48080744       0.28307420       0.66391065 
      0.45273206       0.27892404       0.60940199 
      0.46371559       0.28074992       0.62287209 
      0.46830785       0.29428419       0.64841141 
      0.45625436       0.28010340       0.61553283 
      0.44743256       0.27640441       0.59765745 
      0.44860407       0.27510395       0.60104781 
      0.46263015       0.28354204       0.62544851 
      0.45475738       0.27896349       0.59544045 
      0.46735817       0.28984945       0.62025580 
      0.48412508       0.28447786       0.64886615 
      0.42498591       0.24063073       0.57858988 
      0.44739414       0.27210041       0.59581713 
      0.46241727       0.26589155       0.61289158 
      0.43254665       0.25450472       0.57486663 
      0.44372011       0.26377054       0.58386055 
      0.46205141       0.27674798       0.62248098 
      0.43731114       0.26033165       0.59858163 
      0.47089639       0.29290516       0.62361394 
      0.48520865       0.29295285       0.64988131 
      0.50162105       0.29935340       0.68041443 
      0.54991187       0.32891120       0.79872381 
      0.57257604       0.33472615       0.84889246 
      0.59392784       0.30688103       0.89224486 
      0.68027206       0.29033141        1.1405694 
      0.58639970       0.25818024       0.95283982 
      0.50504214       0.19623800       0.78747733 
      0.50762933       0.29086341       0.72728805 
      0.51175983       0.31267847       0.70161237 
      0.53318627       0.32641683       0.74560856 
      0.52726962       0.30906089       0.73323133 
      0.50409911       0.30763303       0.69889614 
      0.49253394       0.29896841       0.68105965 
      0.48633234       0.29619183       0.67914384 
      0.46369889       0.29763130       0.62469661 
      0.46507873       0.27639845       0.62723455 
      0.47180024       0.23526239       0.65587376 
      0.35986898       0.18534860       0.50672057 
      0.28207746       0.14176599       0.43371036 
      

      0.53665848       0.49590310       0.57461557 
       1.5999689        1.4753649        1.7685255 
       1.4775093        1.0575891        1.7722993 
       1.3184863       0.73828750        1.7391540 
       1.3476878       0.73858611        1.7539465 
       1.4359663       0.89195543        1.7831586 
       1.3703588       0.76493076        1.7690828 
       1.4130709       0.84258392        1.7646791 
       1.4183395       0.81598989        1.7578722 
       1.3406876       0.74748825        1.7447181 
       1.3958292       0.84787491        1.7501849 
       1.4207424       0.94464917        1.7534590 
       1.4302218       0.95891022        1.7414622 
       1.4617110        1.0363639        1.7381045 
       1.5049144        1.2510002        1.7502535 
       1.3100618       0.72850348        1.7257350 
       1.3176286       0.69998565        1.7321410 
       1.2992525       0.69659471        1.7292322 
       1.3042130       0.73680931        1.7126948 
       1.4366294        1.0084094        1.7234662 
       1.5224598        1.4134314        1.7256029 
       1.4587515        1.1431054        1.7182810 
       1.3750877       0.90655291        1.7041891 
       1.4658353        1.2411827        1.7392421 
       1.4148363        1.0090468        1.7368242 
       1.1869475       0.50896376        1.6691083 
       1.2114249       0.43096040        1.6732997 
      0.93790251       0.26328557        1.5808918 
      0.89861366       0.21956219        1.5627468 
      0.93515650       0.16486379        1.5381509 
      0.79317686       0.16124927        1.4953680 
      0.65829206       0.15591329        1.4092191 
      0.63191310       0.15594396        1.3764400 
      0.64090261       0.15676454        1.4259047 
      0.70407997       0.15853171        1.4880568 
      0.70404234       0.15875243        1.4792991 
      0.68365600       0.15897383        1.4659952 
      0.65395985       0.15924562        1.4601388 
      0.58539689       0.15431330        1.3573016 
      0.51638574       0.15594491        1.1990444 
      0.44503596       0.15212880       0.97113171 
      0.39229018       0.15446661       0.81855459 
      0.38813433       0.15468835       0.82862020 
      0.41610429       0.15285023       0.94542145 
      0.37380503       0.15304746       0.79249383 
      0.32168378       0.15187226       0.60325882 
      0.31996504       0.15352723       0.59294151 
      0.31121578       0.15364568       0.56131411 
      0.33295331       0.15297485       0.61232529 
      0.35119777       0.15394246       0.66556266 
      0.38635974       0.15288106       0.76105426 
      0.43776347       0.15388669       0.94028071 
      0.45515406       0.15414458       0.96599388 
      0.53356861       0.15455280        1.1934079 
      0.67041645       0.15666199        1.4831868 
      0.83101749       0.16290029        1.5508913 
      0.95979353       0.16407460        1.5682574 
       1.0384692       0.24514534        1.6369632 
       1.0765863       0.27821556        1.6404719 
       1.1705731       0.36009291        1.6780971 
       1.2361242       0.39271794        1.6959610 
       1.2337951       0.35301237        1.6852053 
      0.98082527       0.23031121        1.5996172 
      0.91916965       0.16277910        1.5296276 
      0.77553904       0.15934933        1.4775062 
      0.76857888       0.15978988        1.4968525 
      0.74320493       0.15926932        1.4876658 
      0.75910930       0.15951319        1.5095548 
      0.70771195       0.15550106        1.4870105 
      0.73206415       0.15614477        1.5247611 
      0.61755265       0.15358610        1.4721825 
      0.49387700       0.14921983        1.2113248 
      0.48438994       0.15069738        1.2431379 
      0.39306967       0.15020969       0.86618051 
      0.34359599       0.14928311       0.69203558 
      0.33245100       0.14937235       0.65296907 
      0.33883653       0.14767194       0.64639925 
      0.34905603       0.15039736       0.67383164 
      0.36508806       0.15087095       0.71859193 
      0.37473255       0.14981040       0.76015269 
      0.41695239       0.15101978       0.88555783 
      0.45915461       0.14882658        1.0095860 
      0.47720979       0.14899154        1.0606421 
      0.46276529       0.15206710        1.0002136 
      0.43514639       0.15023874       0.91171845 
      0.42683568       0.14934214       0.91126418 
      0.43096626       0.15155717       0.97081757 
      0.45100728       0.14977941        1.1141431 
      0.44164752       0.15168297        1.1326864 
      0.41653346       0.15038412        1.0339795 
      0.38474309       0.14999158       0.89344216 
      0.37489214       0.15048697       0.84332342 
      0.35267854       0.15252150       0.75937179 
      0.38292933       0.15279932       0.86770813 
      0.39866733       0.15282552       0.91209793 
      0.38639450       0.15326492       0.86098103 
      0.37630790       0.15281418       0.82805794 
      0.37156970       0.15414566       0.82619666 
      0.31844119       0.15309393       0.60462729 
      0.28954804       0.15325817       0.50239587 
      0.26431622       0.15346397       0.42316843 
      0.26337570       0.15436485       0.40303188 
      0.26170668       0.15538370       0.39212199 
      0.23739883       0.15554950       0.33338505 
      0.20999824       0.15695787       0.28037058 
      0.20194089       0.15873696       0.26484283 
      0.19478284       0.15905059       0.24505256 
      0.18476909       0.15937109       0.21272857 
      

      0.18471702       0.17283334       0.19666653 
      0.15629568      0.061514590       0.27600093 
      0.17312711      0.066800161       0.27723133 
      0.18411858      0.075064615       0.28624143 
      0.17846398      0.078937189       0.27410544 
      0.18074306      0.080807484       0.27945762 
      0.18758915      0.078722456       0.29420425 
      0.19328695      0.085177964       0.29841464 
      0.19959864      0.090332989       0.30248085 
      0.20975696      0.091658224       0.32414792 
      0.18864617      0.090565511       0.28454104 
      0.18660324      0.092955346       0.28109240 
      0.18998054      0.091118495       0.27945231 
      0.19847149      0.095702839       0.29715465 
      0.21196794      0.096010494       0.31589843 
      0.23427918       0.10161834       0.35688289 
      0.27439584       0.10806808       0.44618894 
      0.23841310       0.10217178       0.38632419 
      0.23902590       0.10266813       0.37655123 
      0.24775362       0.10013971       0.39072468 
      0.24400426       0.10534931       0.39070534 
      0.24354924       0.10507579       0.38481148 
      0.25752922       0.10005806       0.41290668 
      0.22762408      0.099727263       0.36618686 
      0.20529800      0.095050321       0.31770144 
      0.20256529      0.085168435       0.30245854 
      0.20193558      0.087414023       0.30991676 
      0.20763923      0.089362210       0.32357487 
      0.18349394      0.079894105       0.27716697 
      0.17862534      0.075072917       0.26543124 
      0.17616040      0.073617837       0.26509301 
      0.17709451      0.078037750       0.27159163 
      0.17214027      0.071005929       0.26188351 
      0.17682067      0.077254574       0.27623683 
      0.17875888      0.075016748       0.27096304 
      0.18144216      0.077787467       0.27904443 
      0.17226700      0.072075328       0.26073679 
      0.16610133      0.067807943       0.25016997 
      0.16332806      0.056917127       0.24376854 
      0.15894524      0.056786651       0.23719246 
      0.15794280      0.055387193       0.23943534 
      0.15683455      0.055561924       0.23745637 
      0.15995599      0.055943647       0.24152034 
      0.16402491      0.056772640       0.24745743 
      0.16925503      0.056805957       0.25383792 
      0.17643261      0.057748340       0.26935469 
      0.17008569      0.057752691       0.25489919 
      0.16682706      0.056460673       0.24823167 
      0.16591195      0.057443505       0.25096190 
      0.16410060      0.057351791       0.24814039 
      0.16495319      0.055929828       0.25292744 
      0.15628280      0.055597798       0.23812048 
      0.15325451      0.055400166       0.23439239 
      0.15130528      0.055245940       0.23214579 
      0.15264864      0.056173554       0.23537610 
      0.15304452      0.055955817       0.23510122 
      0.15510381      0.056032244       0.23733938 
      0.15818410      0.056421105       0.23919530 
      0.16412374      0.056568517       0.24860908 
      0.16852624      0.057607583       0.25695676 
      0.17289814      0.070960978       0.26621129 
      0.17856187      0.077746492       0.27202174 
      0.18872157      0.086102911       0.29027930 
      0.20317909      0.090368064       0.30460214 
      0.23398697      0.094444849       0.36476123 
      0.20112928      0.084535349       0.31110233 
      0.19546651      0.089224727       0.29699907 
      0.18989490      0.083665508       0.28422349 
      0.19363435      0.082488560       0.29507876 
      0.18754409      0.086926909       0.28067257 
      0.18524177      0.085866391       0.27413875 
      0.18749527      0.080248396       0.28028784 
      0.19212589      0.093294102       0.29070238 
      0.20062382      0.097104137       0.30009213 
      0.21660666      0.095586216       0.32588300 
      0.20132177      0.093814757       0.30006065 
      0.19153482      0.090079613       0.28503409 
      0.18530605      0.089793016       0.27634809 
      0.18368362      0.085718593       0.27428951 
      0.18567952      0.090392934       0.28288044 
      0.19175385      0.085647441       0.28939752 
      0.19247451      0.085142449       0.29364667 
      0.19092227      0.084050273       0.28908222 
      0.18668647      0.083794964       0.27746778 
      0.18589943      0.086343929       0.27713297 
      0.18748763      0.087407441       0.28085963 
      0.19435515      0.085099896       0.29265445 
      0.19827354      0.091937829       0.29857512 
      0.20506153      0.097797374       0.31476464 
      0.21621936      0.097050168       0.33336210 
      0.23598442       0.10279848       0.37218276 
      0.25291837       0.10866944       0.39620981 
      0.29345807       0.11903735       0.47169157 
      0.35476060       0.19310422       0.55354339 
      0.42676299       0.25543489       0.57432150 
      0.46321687       0.30849939       0.58328073 
      0.34030749       0.18295056       0.54666208 
      0.29428058       0.12449047       0.48588182 
      0.27835467       0.11823526       0.46456292 
      0.26757130       0.10962263       0.43667589 
      0.27154189       0.10765321       0.43589798 
      0.26329886       0.10528083       0.41345729 
      0.24641440       0.10354149       0.37913887 
      0.22272040       0.10182843       0.33655817 
      0.21068295      0.095650129       0.31904309 
      0.17877596      0.082600769       0.27493044 
      0.14434510      0.073726136       0.21779333 
      0.10936182      0.059481303       0.14883939 
     

      0.56901744       0.50885222       0.63460521 
       1.1241779       0.58075655        1.7156659 
       1.0762503       0.50681020        1.7233540 
       1.0590031       0.47320199        1.7201908 
       1.0831184       0.46251924        1.7243788 
       1.1491626       0.53356530        1.7604710 
       1.2785161       0.62979277        1.8053689 
       1.2671494       0.67535559        1.8117194 
       1.3028017       0.67508056        1.7986688 
       1.0757801       0.44428019        1.7128827 
       1.0280421       0.40864613        1.6966521 
       1.0172930       0.37972805        1.6807922 
       1.0455216       0.41204780        1.7231201 
       1.0842010       0.44161448        1.7188024 
       1.1748928       0.52689095        1.7685312 
       1.2854795       0.65170256        1.8100064 
       1.4497525       0.84196479        1.8741211 
       1.2309803       0.55092170        1.7885786 
       1.1578838       0.46898669        1.7657870 
       1.0876458       0.41083051        1.7495243 
       1.0678703       0.35820078        1.7443663 
       1.0188613       0.30120495        1.6820098 
      0.99372020       0.26656930        1.6745077 
      0.87443679       0.17532976        1.5097812 
      0.84270185       0.18018240        1.4917035 
      0.84519076       0.17282308        1.4856341 
      0.89370543       0.17659360        1.5294778 
      0.88830734       0.18116123        1.5431207 
      0.86010290       0.17889634        1.4956730 
      0.89884307       0.18367514        1.5279467 
      0.84224293       0.17161513        1.4448366 
      0.79205531       0.17149943        1.3708568 
      0.69867393       0.17180379        1.2402431 
      0.64752819       0.16532495        1.1770336 
      0.60809337       0.15877861        1.1344863 
      0.51551392       0.16201899       0.96689130 
      0.48379742       0.15939456       0.91300803 
      0.42254242       0.15744090       0.78751692 
      0.40396123       0.15773833       0.76112756 
      0.39194110       0.15806224       0.73981273 
      0.38742062       0.15855255       0.73563744 
      0.39337778       0.15799132       0.75880234 
      0.37443290       0.15853150       0.71773039 
      0.34965296       0.15897285       0.65378233 
      0.34398022       0.15878233       0.64716336 
      0.34665761       0.15883826       0.64863435 
      0.35218420       0.15839596       0.66553248 
      0.34111579       0.15738382       0.63336726 
      0.34141159       0.15867522       0.63822598 
      0.34445371       0.15897718       0.64737950 
      0.34013202       0.15758449       0.63466131 
      0.33933583       0.15987418       0.62260445 
      0.34986267       0.16052788       0.64392206 
      0.36442798       0.16057863       0.68786324 
      0.38098655       0.15787881       0.72265921 
      0.36984161       0.15954162       0.69254576 
      0.38414712       0.15929091       0.72938502 
      0.40509305       0.15948502       0.77054095 
      0.44974955       0.16075981       0.89638884 
      0.45479071       0.16112743       0.92134206 
      0.46072504       0.16074179       0.91510586 
      0.47786075       0.16074305       0.94614113 
      0.48319308       0.16194565       0.95612278 
      0.49972552       0.16238291       0.98092418 
      0.53012141       0.16069625        1.0721514 
      0.53908185       0.16255050        1.0779874 
      0.53004455       0.16328033        1.0349099 
      0.52224670       0.16177385       0.99378561 
      0.53031561       0.16235434        1.0051333 
      0.56055417       0.16256512        1.0595300 
      0.58583296       0.16345392        1.1441563 
      0.58311237       0.16354438        1.1734735 
      0.48873368       0.16026440       0.96120246 
      0.46367834       0.16184505       0.91443282 
      0.45102678       0.16278694       0.89495995 
      0.42871789       0.16322042       0.82857750 
      0.41585767       0.16378512       0.80540311 
      0.40569305       0.16299650       0.76515475 
      0.40453429       0.16597792       0.75730814 
      0.42278510       0.16376051       0.79227835 
      0.42532284       0.16588888       0.80409183 
      0.43738161       0.16582396       0.81148588 
      0.47482164       0.16701183       0.88218046 
      0.47954185       0.16747787       0.87118215 
      0.53133342       0.17026805       0.94600835 
      0.61150552       0.16972321        1.0814358 
      0.72534180       0.17539241        1.2590376 
      0.76772604       0.17619297        1.3045429 
      0.87193154       0.17707668        1.4710568 
      0.98234704       0.38821847        1.7051150 
       1.1207405       0.50503560        1.7606051 
       1.2761518       0.69540955        1.8387358 
       1.4970182        1.0148480        1.9125008 
       1.4112689       0.84149927        1.8532222 
       1.4126790       0.85682612        1.8687834 
       1.4707518       0.94873444        1.8690780 
       1.5008920        1.0296398        1.8820809 
       1.4906645        1.0209676        1.8757251 
       1.4419972       0.94778131        1.8929643 
       1.3476518       0.76871450        1.8548079 
       1.2051966       0.58066383        1.8078228 
       1.1135094       0.44066126        1.7563335 
      0.90716020       0.17808712        1.5457399 
      0.65948697       0.16827735        1.1724008 
      0.49445779       0.16691655       0.87391378 
      0.35350225       0.16766484       0.59058792 
      0.26441835       0.16449898       0.39761075 
      0.21227407       0.16658047       0.26728167 
      

      0.52406014       0.45249089       0.56927328 
      0.65264488       0.26504230        1.3012733 
      0.68133647       0.31523252        1.3107696 
      0.68245138       0.31540574        1.3259395 
      0.67195110       0.26530061        1.2546819 
      0.67040575       0.24534535        1.2214714 
      0.67002790       0.24147241        1.2148057 
      0.68001912       0.29868793        1.3104203 
      0.70570026       0.30896784        1.3765787 
      0.66004560       0.14852035        1.1557958 
      0.65353073       0.14537678        1.1400136 
      0.63477661       0.14833887        1.0435037 
      0.63279427       0.14867242        1.0630558 
      0.62284122       0.14897287        1.0305258 
      0.60874137       0.14491792       0.97214298 
      0.61360270       0.14658374       0.98683889 
      0.62646634       0.14412584        1.0587036 
      0.64309755       0.14575153        1.1563002 
      0.63872804       0.14413853        1.1495138 
      0.62376110       0.14578549        1.0766740 
      0.61551457       0.14673177        1.0281248 
      0.62602037       0.14427430        1.0610691 
      0.61249012       0.14561050       0.98661941 
      0.60491221       0.14595108       0.96617627 
      0.59443275       0.14615660       0.92490965 
      0.59737037       0.14296523       0.93240128 
      0.59823748       0.14513733       0.94012248 
      0.58183757       0.14448398       0.87647783 
      0.58034738       0.14654513       0.86760790 
      0.58262650       0.14644538       0.87150361 
      0.59158905       0.14670852       0.90630911 
      0.59667489       0.14712727       0.92999619 
      0.59742229       0.14837091       0.92082247 
      0.59961667       0.15146469       0.92448756 
      0.61084317       0.14833094       0.96629121 
      0.60381902       0.14807425       0.94791516 
      0.62140830       0.14598946        1.0012533 
      0.60913963       0.14781588       0.96358029 
      0.62459014       0.14225056        1.0206765 
      0.63679925       0.14596906        1.1025163 
      0.65389827       0.14913769        1.1762561 
      0.66285967       0.14326720        1.2056844 
      0.66322313       0.14342858        1.2003779 
      0.63297567       0.14396864        1.0678046 
      0.62486232       0.14164569        1.0254022 
      0.61810104       0.14169619       0.99871155 
      0.60821666       0.14863375       0.94351327 
      0.61138658       0.14674013       0.96086917 
      0.61742362       0.14287338       0.99439784 
      0.59141445       0.13895046       0.90002279 
      0.59250210       0.13974602       0.91996998 
      0.59410903       0.13966541       0.93227420 
      0.58555997       0.13737801       0.90430705 
      0.56496850       0.14829012       0.85687702 
      0.55798395       0.14436564       0.83673493 
      0.55726681       0.14750040       0.84095727 
      0.55907419       0.14032647       0.85228220 
      0.54529009       0.13958076       0.83122091 
      0.54726189       0.13804828       0.84235909 
      0.53591990       0.13849686       0.81836227 
      0.53413658       0.13832421       0.80201693 
      0.53101981       0.13615244       0.79041224 
      0.53353953       0.13871775       0.80214070 
      0.53756852       0.13581995       0.81356374 
      0.54485081       0.13689613       0.84210500 
      0.54354512       0.14047839       0.83858669 
      0.53793091       0.13552517       0.83389920 
      0.53067715       0.13414572       0.81356530 
      0.52427071       0.13733115       0.80050392 
      0.52591968       0.13398303       0.79792982 
      0.52181630       0.13316766       0.78824389 
      0.52096858       0.13763058       0.78401461 
      0.52061397       0.13950901       0.77376703 
      0.51895831       0.13660952       0.76253583 
      0.51999669       0.13958311       0.76850097 
      0.51802841       0.13834183       0.76758580 
      0.52118404       0.14518583       0.77476778 
      0.52506636       0.13830943       0.76748554 
      0.52636422       0.14560728       0.78111244 
      0.52936630       0.13948913       0.77651930 
      0.53240667       0.14400671       0.79121828 
      0.53432845       0.13672596       0.79873577 
      0.53334329       0.13861881       0.79947831 
      0.53427244       0.13322854       0.79641209 
      0.54005375       0.14172286       0.80738169 
      0.54766824       0.13927660       0.82623598 
      0.55500690       0.13888795       0.84908084 
      0.55064681       0.13956682       0.83947581 
      0.55603353       0.13523849       0.83990456 
      0.56924066       0.12734444       0.87931269 
      0.56862814       0.13365676       0.87560420 
      0.58009286       0.13290850       0.90321404 
      0.59791162       0.13256591       0.97908598 
      0.61420073       0.12941946        1.0526043 
      0.60346739       0.12963877        1.0081490 
      0.58486896       0.12783672       0.91595960 
      0.57008782       0.14714726       0.87672478 
      0.56142107       0.13832986       0.84418159 
      0.55661283       0.13809265       0.84396163 
      0.55216545       0.12837990       0.84918102 
      0.53682851       0.13019675       0.82397986 
      0.53146076       0.13407935       0.81292204 
      0.52123829       0.13379400       0.80204040 
      0.50202354       0.13600698       0.76439500 
      0.47692219       0.14016566       0.72070695 
      0.43921102       0.14021824       0.67388306 
      0.37153701       0.13503064       0.55491203 
      0.26329010       0.14602956       0.36683947 
      

      0.50993391       0.49765524       0.52273540 
      0.45981322       0.16512655       0.79609330 
      0.50732454       0.24068416       0.76364332 
      0.48139603       0.25714222       0.71090076 
      0.50017199       0.23841935       0.75922718 
      0.51679732       0.23101690       0.81335308 
      0.48424578       0.24293743       0.72284129 
      0.49936143       0.26417116       0.72364184 
      0.53395978       0.21998670       0.81427429 
      0.54704350       0.22173442       0.84879760 
      0.59176098       0.16577027       0.91119052 
      0.52808553       0.23308030       0.81330755 
      0.49991880       0.22636596       0.74065365 
      0.51691843       0.26576283       0.76122583 
      0.53231516       0.25007292       0.81280254 
      0.53348355       0.25334596       0.79450624 
      0.88402420       0.42344497        1.5546751 
      0.72651631       0.28912291        1.1421162 
      0.57492001       0.27314187       0.85846439 
      0.57583281       0.25667819       0.91275513 
      0.58293354       0.23126560       0.89786018 
      0.52362454       0.26306554       0.76222176 
      0.79569625       0.37043398        1.5442994 
      0.64082174       0.25507132       0.99379703 
      0.54952819       0.25863860       0.86772026 
      0.49827509       0.24138686       0.72595977 
      0.50686332       0.23169694       0.76797095 
      0.50717337       0.24629707       0.76760636 
      0.49334965       0.22752881       0.72542129 
      0.51679832       0.24530827       0.80305440 
      0.50375734       0.24254884       0.77691461 
      0.50002542       0.23461165       0.76909793 
      0.49221287       0.19922359       0.74477289 
      0.50459833       0.23739084       0.76768137 
      0.49579752       0.25374844       0.74578504 
      0.58784757       0.20695811       0.91787316 
      0.50989040       0.21715879       0.77795261 
      0.53980221       0.26770069       0.79126291 
      0.78929427       0.38776275        1.5446613 
      0.48407631       0.23117967       0.72357618 
      0.49511875       0.24346498       0.73050319 
      0.49013542       0.27055510       0.71096940 
      0.55605994       0.21178905       0.85866293 
      0.52206992       0.24488834       0.78271193 
      0.50432015       0.25594486       0.77566988 
      0.48233671       0.25161687       0.71353754 
      0.49102298       0.26014138       0.71693831 
      0.50508416       0.24072665       0.75934141 
      0.50060328       0.23421007       0.74175035 
      0.48681087       0.25896993       0.70494635 
      0.48651974       0.26395756       0.70215565 
      0.49071273       0.24520771       0.71558400 
      0.50333145       0.23816858       0.76260021 
      0.51375491       0.24987055       0.77897619 
      0.53901690       0.22940705       0.82291548 
      0.58206870       0.23804113       0.91376590 
      0.56176321       0.23874445       0.85697460 
      0.56333476       0.22332478       0.85738482 
      0.73495284       0.22456384        1.2361269 
      0.58644364       0.23876091       0.95439806 
      0.50157856       0.26246618       0.74597740 
      0.53404324       0.23800128       0.81548144 
      0.48335851       0.26125963       0.72097502 
      0.49701123       0.23729029       0.73442356 
      0.56741052       0.16660939       0.86913931 
      0.60141704       0.24352194       0.96195912 
      0.58797759       0.25551897       0.89131937 
      0.53343968       0.27500828       0.77164732 
      0.55121228       0.22839640       0.82852521 
      0.50037187       0.26402849       0.74672435 
      0.57888461       0.22756003       0.88525278 
      0.48755651       0.24073066       0.69648568 
      0.51592959       0.24512188       0.76459482 
      0.58452606       0.23985245       0.90704875 
      0.49393195       0.24367576       0.72656378 
      0.52737457       0.23515239       0.80173826 
      0.49600556       0.23881474       0.72593003 
      0.48659439       0.24934583       0.69914239 
      0.52397232       0.24691521       0.79842771 
      0.47521467       0.25961281       0.71019391 
      0.48827902       0.25228393       0.72808602 
      0.49692783       0.25409623       0.75390074 
      0.49413213       0.24186151       0.72748620 
      0.51471368       0.23678147       0.78926333 
      0.48282773       0.24204680       0.70981652 
      0.48289638       0.23069122       0.71508754 
      0.49358736       0.25818809       0.73132801 
      0.49968639       0.24882031       0.75444694 
      0.48561152       0.24916709       0.72416983 
      0.51592892       0.23721138       0.79398930 
      0.57197047       0.22571166       0.87176643 
      0.52643236       0.27411847       0.79390318 
      0.52297121       0.25467151       0.78582246 
      0.56122834       0.24859981       0.84260529 
      0.92030814       0.43120361        1.5597757 
       1.0058614       0.50696084        1.5641482 
       1.0579759       0.59073816        1.5653911 
      0.69726355       0.26825688        1.1436926 
      0.62422287       0.23502248       0.99944130 
      0.59734537       0.23813296       0.95270861 
      0.70508459       0.23786364        1.2080043 
      0.51144166       0.22011188       0.78484313 
      0.52381660       0.21799209       0.79498968 
      0.48275687       0.23401418       0.71805894 
      0.48634488       0.24113375       0.72106454 
      0.51974925       0.22354529       0.78240928 
      0.87766238       0.31004664        1.5615591 
      0.21791825       0.16201514       0.28097715 
       

      0.86641565       0.78063979       0.94231713 
       1.4552182       0.60231112        2.4994561 
       1.3761606       0.48558569        2.4903826 
       1.3796275       0.42602229        2.5144575 
       1.3434367       0.27658718        2.4094945 
       1.2586616       0.27045490        2.3692856 
       1.3644088       0.27835419        2.5096936 
      0.99289621       0.25842313        1.8690254 
      0.89484194       0.25690554        1.7701700 
      0.86016855       0.25663780        1.7394786 
      0.77869369       0.25702474        1.5563027 
      0.78351566       0.26026263        1.5805142 
      0.77710188       0.25562583        1.5676929 
      0.79040596       0.25722648        1.5947832 
      0.85963685       0.25697419        1.7304673 
      0.98608476       0.25810231        1.9367435 
       1.1636970       0.25854351        2.2934557 
       1.2608808       0.26518560        2.4645251 
       1.2466554       0.26571026        2.4181048 
       1.2566151       0.26704547        2.4171073 
       1.3674002       0.27513798        2.4795707 
       1.3503410       0.27030900        2.3912978 
       1.2039195       0.26680210        2.1429364 
       1.1021335       0.26747149        1.9669670 
       1.0567988       0.26313082        1.9272956 
       1.0378440       0.26042035        1.9995557 
       1.0208297       0.26072555        1.9497187 
       1.0452160       0.25709952        1.9510921 
       1.1406800       0.26079946        2.1417503 
       1.1181922       0.26195922        2.0326511 
       1.1920234       0.27194035        2.1331718 
       1.2972950       0.26867035        2.2617983 
       1.2570707       0.26916567        2.1795956 
       1.4233105       0.51648831        2.6326235 
       1.2441422       0.27385161        2.2124227 
      0.87319916       0.25954375        1.5340882 
      0.74584604       0.25113089        1.3671579 
      0.62864739       0.24786735        1.1789231 
      0.59161426       0.24613894        1.1077251 
      0.54744681       0.24224492        1.0185503 
      0.53278670       0.24313169        1.0018869 
      0.50925311       0.24365420       0.94508864 
      0.50695625       0.24737768       0.93932727 
      0.51094727       0.24167607       0.95251968 
      0.51988201       0.24582576       0.98399287 
      0.53125421       0.25021648        1.0281667 
      0.52755162       0.24933371        1.0034358 
      0.55510404       0.25031915        1.0691930 
      0.55756876       0.24980323        1.0526986 
      0.56216431       0.25302052        1.0500172 
      0.57675010       0.25506309        1.0850955 
      0.56160389       0.25688064        1.0455575 
      0.58689286       0.25405227        1.1087313 
      0.54195441       0.25481120        1.0029986 
      0.55820654       0.25600475        1.0447737 
      0.58355072       0.25656222        1.1264541 
      0.58409744       0.25733124        1.1487642 
      0.58315223       0.25744107        1.1689330 
      0.62675753       0.25788136        1.2757090 
      0.64933854       0.25860810        1.3405956 
      0.67606278       0.25983378        1.3781455 
      0.75226852       0.26220312        1.5407680 
      0.84024574       0.26431141        1.6539247 
      0.95539159       0.26261566        1.8394061 
       1.0426498       0.26439197        1.9861381 
       1.0998517       0.26606314        2.1401277 
       1.1074473       0.26713147        2.0853286 
       1.2241950       0.26992053        2.2680460 
       1.4223153       0.44924801        2.6929874 
       1.5037659       0.58341955        2.7292955 
       1.7545830       0.75926463        2.7406130 
       2.1397564        1.1443022        2.8484110 
       1.9787004        1.1064577        2.8002203 
       2.0378461        1.1582609        2.7885739 
       1.8200692       0.96256923        2.7632249 
       1.8984961       0.98505897        2.7960421 
       1.5224795       0.65579666        2.6978122 
       1.1111692       0.26958659        1.8796724 
      0.92440188       0.26873508        1.6251264 
      0.83619073       0.26342974        1.5205956 
      0.76661428       0.26031705        1.4264793 
      0.71914104       0.26565229        1.3584002 
      0.71218944       0.26475986        1.3660791 
      0.74980283       0.26500900        1.4496481 
      0.82147804       0.26688050        1.5978601 
      0.91893336       0.26562357        1.8199437 
       1.0078012       0.26615565        1.9451735 
       1.2076628       0.26821860        2.2676458 
       1.5288540       0.58464459        2.7478896 
       1.9556598       0.93980607        2.8248142 
       2.3292704        1.5048666        2.9122245 
       2.5729598        2.2601827        2.9577313 
       2.6637313        2.4639847        2.8650417 
       2.6244790        2.4224598        2.8699877 
       2.6249670        2.4208567        2.8471451 
       2.4566013        1.8901716        2.8892496 
       2.3287980        1.5842485        2.8598235 
       2.2971110        1.5379453        2.8159418 
       2.3524140        1.6846199        2.8377324 
       2.2962491        1.5804423        2.8164442 
       2.3320730        1.6480592        2.8235351 
       2.1604385        1.2694702        2.8080406 
       1.1958804       0.27222176        1.8829765 
      0.76373999       0.26105107        1.2780217 
      0.57722468       0.25953924       0.97514102 
      0.39409107       0.25604318       0.60888983 
      0.32246469       0.25855088       0.41311181 
      0.29355787       0.26603393       0.31883544 
      

     0.090213234      0.085861612      0.094898824 
     0.071841126      0.029875643       0.11819593 
     0.086129891      0.035661817       0.13956113 
      0.11061445      0.046787558       0.17424041 
      0.10644859      0.046598660       0.17499272 
      0.13209408      0.064416059       0.20180960 
      0.11004042      0.055235472       0.17103917 
      0.12125101      0.061060696       0.18255469 
      0.13661692      0.069077991       0.20310438 
      0.11887118      0.054443153       0.18802999 
     0.094845309      0.046227544       0.14043311 
     0.098835203      0.051331537       0.14365076 
      0.10275359      0.051694127       0.15047598 
      0.11071294      0.051858770       0.16399845 
      0.11080893      0.055240258       0.15802492 
     0.099711100      0.052631504       0.14465443 
     0.096086823      0.051304922       0.14041084 
     0.092757379      0.046701710       0.13498825 
     0.087207169      0.044447777       0.12484937 
     0.093059308      0.047948348       0.13422205 
      0.10198931      0.054413746       0.14849255 
      0.10284661      0.049928831       0.15056747 
     0.086344629      0.044791923       0.12591487 
     0.091568808      0.048268213       0.13065408 
     0.094220859      0.051375210       0.13703348 
     0.082324254      0.043871553       0.11768505 
     0.085066117      0.044382646       0.12304726 
     0.086768605      0.043902941       0.12471695 
     0.082305203      0.041643939       0.11965586 
     0.078427094      0.039763013       0.11367025 
     0.083063021      0.042261153       0.12154571 
     0.079772125      0.040744756       0.11721664 
     0.085126788      0.043235454       0.12628436 
     0.077843683      0.037588178       0.11441519 
     0.077802281      0.037436741       0.11454077 
     0.083177184      0.039138986       0.12220325 
     0.080141794      0.037399001       0.11864474 
     0.082781791      0.038471635       0.12417303 
     0.083640167      0.038698252       0.12544293 
     0.085314862      0.041807353       0.12764345 
     0.083566966      0.038290785       0.12432061 
     0.084706915      0.040176637       0.12580312 
     0.079642314      0.037381939       0.11747762 
     0.081026809      0.038214051       0.12026626 
     0.079221274      0.038978179       0.12020048 
     0.076723321      0.036104787       0.11448058 
     0.074591791      0.037628776       0.11291314 
     0.077224606      0.037660087       0.11300376 
     0.080821799      0.040902782       0.11904067 
     0.087036149      0.044215391       0.12876661 
     0.096517845      0.046661160       0.13987007 
      0.10971482      0.056069113       0.16056835 
      0.12694589      0.064134894       0.18671324 
     0.091674438      0.049482613       0.13011735 
     0.093777367      0.051700583       0.13504363 
     0.088123035      0.047843368       0.12491637 
     0.092501722      0.049385147       0.13211585 
     0.089937948      0.046685620       0.12980635 
     0.095173157      0.047125966       0.13807465 
      0.10385991      0.053104205       0.15439627 
      0.10961847      0.055767635       0.16434308 
      0.11991135      0.061422874       0.18014537 
      0.11697292      0.053675475       0.17631658 
      0.10929705      0.052162814       0.16677605 
      0.12315620      0.056526956       0.19032262 
     0.089646060      0.047003552       0.13237877 
     0.090910829      0.051182811       0.13400197 
     0.091801934      0.050052020       0.13327975 
     0.094226783      0.046778919       0.13324189 
     0.084545666      0.044745373       0.12019986 
     0.087662032      0.047228740       0.12747174 
     0.092507046      0.048419112       0.13511862 
     0.090655610      0.044453358       0.13190324 
     0.091764988      0.044076067       0.13621135 
     0.093899162      0.043354252       0.13985409 
     0.075894531      0.035809017       0.10911466 
     0.078066097      0.040164464       0.11226431 
     0.079230226      0.040736999       0.11492708 
     0.076744082      0.037752806       0.11130717 
     0.076742542      0.037833046       0.11268035 
     0.079897244      0.037374718       0.11512444 
     0.083272810      0.042199363       0.12244959 
     0.085757415      0.042341003       0.12562481 
     0.088028918      0.040321960       0.12995026 
     0.095358497      0.044927859       0.14053511 
      0.10376585      0.050242416       0.15398402 
      0.11323992      0.054717968       0.17160539 
      0.13119062      0.063451344       0.19747769 
      0.15714001      0.081779633       0.23961482 
      0.18954450       0.11727756       0.27561528 
      0.15902006      0.085753127       0.26761423 
      0.16002105      0.086614928       0.26657123 
      0.18987982       0.10947586       0.27741742 
      0.12784513      0.055770292       0.19819412 
      0.13171382      0.064203356       0.20279709 
      0.13214404      0.058315567       0.20408970 
      0.12399235      0.051319882       0.18744522 
      0.11224193      0.049001474       0.16808969 
      0.10179660      0.048360393       0.14958474 
     0.092237719      0.046655753       0.13710218 
     0.086443768      0.042184945       0.12648108 
     0.084277466      0.041816171       0.12418126 
     0.081784335      0.040182001       0.12042329 
     0.076054223      0.036994597       0.11291084 
     0.071240966      0.033467049       0.10416904 
     0.069981488      0.034664831       0.10465146 
     0.067266392      0.034090572      0.097919011 
     0.060338287      0.035203982      0.084999844 
