
  0.99890 
  0.99890 
  0.99880 
  0.99690 
  0.99720 
  0.99710 
  0.99760 
  0.99780 
  0.99750 
  0.99750 
  0.99810 
  0.99810 
  0.99790 
  0.99750 
  0.99810 
  0.99820 
  0.99820 
  0.99820 
  0.99820 
  0.99820 
  0.99820 
  0.99810 
  0.99810 
  0.99820 
  0.99820 
  0.99820 
  0.99820 
  0.99820 
  0.99820 
  0.99820 
  0.99820 
  0.99820 
  0.99810 
  0.99820 
  0.99820 
  0.99820 
  0.99820 
  0.99820 
  0.99820 
  0.99820 
  0.99820 
  0.99820 
  0.99820 
  0.99820 
  0.99820 
  0.99820 
  0.99820 
  0.99820 
  0.99810 
  0.99820 
  0.99820 
  0.99820 
  0.99810 
  0.99820 
  0.99820 
  0.99820 
  0.99820 
  0.99810 
  0.99800 
  0.99800 
  0.99800 
  0.99790 
  0.99800 
  0.99800 
  0.99800 
  0.99820 
  0.99820 
  0.99820 
  0.99820 
  0.99820 
  0.99820 
  0.99820 
  0.99820 
  0.99820 
  0.99820 
  0.99820 
  0.99820 
  0.99820 
  0.99820 
  0.99820 
  0.99820 
  0.99810 
  0.99820 
  0.99820 
  0.99820 
  0.99820 
  0.99820 
  0.99820 
  0.99810 
  0.99520 
  0.99590 
  0.99580 
  0.99540 
  0.99550 
  0.99560 
  0.99580 
  0.99650 
  0.99690 
  0.99700 
  0.99710 
  0.99710 
  0.99710 
